3323
1791
3490
2064
2225
1999
2481
1572
2617
1912
2981
2421
1971
2090
2016
4098
2161
2046
2222
4035
2198
2032
2068
2243
2161
1866
2330
2027
2219
2454
1595
2270
2756
1411
2986
3364
2813
8227
1657
2133
2049
3345
2513
3805
1655
4370
2458
1548
3245
9131
2825
1670
2671
4679
2553
2083
2282
1842
4557
1963
6270
7268
2485
3186
2235
3460
2511
2129
2009
3172
1962
2112
2234
2611
1521
3170
2730
1751
2378
5401
1620
2211
2042
3034
2497
2003
2099
2079
2002
2062
2037
2031
2007
2115
2014
2072
2055
2044
2017
2032
2066
2024
2063
2031
2026
2088
2045
2069
2024
1966
2108
1815
2290
1971
2041
2015
2050
2011
1729
2447
2016
2084
2066
2053
2378
2101
2108
2122
3993
2249
3772
3548
2737
1998
2248
1947
2157
2108
2018
3322
1881
2281
2958
2138
2018
3074
2462
2568
1591
4250
2821
2667
1999
1721
2602
2138
2129
2090
5329
1845
2057
8540
1952
7589
1567
2218
2191
2084
2202
2161
2157
2149
2571
2601
2365
2641
1991
2930
2655
2016
2097
2742
2395
2300
1810
2422
2007
2158
1997
6588
6090
2849
1801
2206
2110
4238
2165
2126
1894
2067
2248
3054
2105
2825
2130
2491
1843
5603
1782
4789
2624
1925
3142
1848
2443
1823
5050
1632
2232
2646
1389
2240
2010
2216
4198
2120
3259
1944
2082
2049
2620
1754
2037
2491
3199
1840
3105
1361
2409
1976
3327
7072
2677
6580
4748
3310
1884
2238
1982
2085
2010
2051
2047
3465
1766
2277
2038
2088
2143
2514
1999
2067
4252
2166
2062
2112
2665
1381
2321
3750
2143
2316
1944
3018
6493
4530
1752
2155
2054
2124
2128
2187
5415
1613
2174
2045
2076
2045
2262
2119
2064
2077
3648
1828
2195
2133
2625
3447
1843
2872
1684
1884
2806
1705
6190
5770
3096
2117
2082
4525
2474
2619
1709
3414
2114
2107
2184
6512
1643
3589
2776
2217
1759
3683
1838
1924
3650
1683
2044
2071
3347
2289
3902
2798
1545
2254
2223
5848
2345
2709
2050
2720
1567
2358
4395
1584
2593
2117
2845
1457
2395
2032
1931
2313
3017
2346
2210
2152
2176
4577
1927
2834
2074
2179
2032
1913
3024
2649
2085
4892
1434
2244
1994
3652
1524
2450
1785
2422
2310
1784
2448
4743
2531
5160
1259
2822
2439
2710
1861
2251
5037
2103
2228
3000
1969
1927
2510
3631
1526
2477
2033
3652
2566
2099
3671
2706
1940
2505
6166
1600
2709
2026
1923
2139
8686
6002
2925
2383
1987
2070
2901
1799
2243
2011
2148
2042
2313
1852
2967
1682
2185
2063
3973
2266
2326
4275
1501
2231
2033
2167
2043
2061
2379
2027
2023
3028
2155
3001
2201
2051
2073
4836
2081
2147
4886
3824
2397
3662
2559
5118
3197
2184
2026
2024
2132
3900
2345
2089
2249
2032
1917
4457
2163
2069
4414
1844
2112
2321
1885
2517
2661
2390
3317
2064
2016
2069
2066
3098
2022
2256
2480
2319
1587
2389
2565
1918
2293
1545
2276
2104
2055
4167
1996
2125
2209
3597
2293
1565
2340
2602
2892
2127
2800
2116
2508
1789
3468
2262
2140
5586
2124
1737
2154
2035
2942
1821
4489
2137
3188
1529
2248
2003
2550
2069
5042
3163
1685
2309
2787
1709
2852
5794
3114
3456
3001
2139
2162
3214
2098
2478
1623
2240
2387
2209
1531
4872
1489
2310
1980
5885
1651
2200
2046
2243
3432
1970
2115
2306
1952
2070
2081
2508
2339
1918
2202
11083
7073
1903
2218
2061
2303
1968
2794
2482
2388
3826
2432
3728
4363
5597
1749
2158
2047
2154
2154
2044
2246
2175
2221
4321
1972
2175
2035
2423
2067
2135
3841
2835
7967
3016
1619
3888
1328
2810
1904
2186
2093
6112
2524
2280
1938
2102
2074
2638
1620
2151
1729
3144
1634
2180
2104
2091
2959
2399
2022
1735
2576
1994
2144
2145
2132
1902
2476
1803
6480
1921
2793
3505
1959
3378
6462
1359
3041
1893
2950
1657
1888
2508
1696
2013
2180
2291
1945
2059
2021
2048
2056
1997
2044
2027
2019
2039
2023
2064
2018
2032
2027
2025
2041
2067
2000
2041
2020
2137
1975
1990
2146
1998
2018
2195
2031
2044
2085
2045
2464
1652
3087
2111
2242
2030
2106
2124
6320
2011
1901
4092
2213
2010
2782
2532
2134
1813
2581
2008
2125
2227
2107
2052
2093
2094
4362
1982
2474
1948
2370
2256
1952
2153
2125
2578
2006
2115
3503
1416
2555
3613
2923
1929
2077
3153
2139
2038
4434
1545
2507
1973
2238
2234
1934
2247
3057
1936
2095
2146
4690
1450
1999
2366
2050
2161
2088
1670
2638
1983
2107
2178
2113
5605
3351
1608
2219
2040
3229
2064
2181
3064
2651
2362
2043
3640
2511
2409
2046
2350
1877
2101
2047
2825
2077
2500
2058
6249
1918
7365
3198
2120
2134
2168
2570
6013
2859
2743
1919
2167
2092
2228
1982
2558
1830
3986
2589
1952
2212
2091
2061
2068
3105
2190
2402
1543
3639
1971
2046
1824
2856
1794
2652
1856
2813
2544
1699
3173
2590
1929
2106
2472
1785
2152
2072
2262
2106
2024
2160
2114
2149
2038
2125
2124
2468
2128
2066
2121
5311
2152
2359
2133
2088
2325
2817
4771
2361
2360
2021
2157
2336
1911
2278
2020
2082
3083
2089
2183
2173
2907
4251
2121
2138
2121
2032
2156
1698
2642
1841
2138
2493
2044
1639
2578
1936
6194
2395
2599
1420
2272
1998
3267
1857
2067
2068
3989
2345
1966
7120
2570
2537
1851
2197
2017
2423
6725
5062
3155
2265
2084
3707
2637
2142
2411
3740
2196
2187
3770
3781
1905
2156
6575
4297
1480
2313
2258
1908
2132
2211
2030
2101
1950
2332
2142
1954
2100
3488
1890
2109
2071
2399
1808
2197
5348
1955
2130
1867
2530
1859
2274
2158
2811
2879
1612
3060
4311
2133
2075
2490
3730
2353
8979
6296
2814
2511
1978
2137
2333
1779
2223
1978
2164
1960
2222
1781
3940
2739
1800
7340
5103
1908
2156
2018
2325
2201
2234
2315
2379
3811
2443
2673
1863
2426
2086
2078
2105
2028
5195
2029
2198
2588
1733
2172
2137
5172
2461
1872
2169
2402
1844
2624
1591
7046
2372
2386
2035
1922
2085
2208
1978
2381
1907
3424
1807
2173
4480
2504
2374
2101
2894
3185
1913
2161
3527
2256
2192
2174
6167
4653
2182
2093
2108
2063
4976
2358
2005
3058
2503
2020
5954
2419
1975
2299
1889
2108
2057
2424
1709
2270
2050
3495
1631
2209
2029
2157
2107
2181
1997
5071
2411
5016
2357
1826
4543
2341
2103
2182
2635
1529
1830
8069
2107
2623
1795
2131
2834
4697
3506
2076
2251
2014
2169
2006
2543
4209
1873
3469
2006
2152
2004
2331
2099
2149
2565
3745
1543
2058
2300
1959
2049
2325
2052
2297
2009
2135
2036
3015
2244
2029
2085
2515
1748
2262
2046
3364
1930
2143
1913
2370
1970
2096
2038
6197
3132
2407
2029
2270
1859
2495
4917
2388
2817
2405
2013
2111
2158
1697
2520
2001
2542
1873
2034
2575
2548
1576
2225
2044
3664
1486
2254
1894
4058
2368
2016
3715
3263
2488
4382
2490
2385
3328
1731
2187
2056
4015
1601
2006
2084
5173
1966
2271
2220
2493
2201
1551
2078
3165
2536
6590
5031
2516
1880
2439
1937
2424
1866
5868
5285
2122
2000
2087
1886
2885
1901
2089
2083
5432
2581
1965
2370
1968
2123
2033
1923
2349
1992
2674
1827
6493
4557
1817
2857
2310
2023
1910
3466
1938
2139
5103
2192
2027
4430
2520
1493
2336
3341
2066
2064
2149
7063
2380
2473
1907
2265
1781
2358
2006
2102
2263
1955
2288
1980
2772
2548
1962
2083
2205
3761
2615
2018
2087
2255
1982
2183
2207
4858
2236
1882
2420
2911
2737
5015
2327
2013
2202
2058
2057
2040
3246
2430
2132
2066
3977
1994
2112
2040
4029
2586
1893
3639
1604
2225
2062
4860
2667
5820
2483
1909
2225
2030
2111
2131
2267
2045
2090
2053
4031
2142
2240
6005
3469
2480
1847
2813
1712
2187
3720
3077
2158
1921
2096
4108
2348
1983
1910
2177
2004
2034
2025
2497
1461
2625
5168
1886
2039
2109
2001
2048
2003
2096
2015
2065
2033
3115
1772
4424
4331
2107
2199
6171
1911
2057
1976
2031
2381
1842
2546
5285
1960
1638
2104
2083
4128
2090
2013
2850
2410
2137
2017
2318
1889
2592
2003
2209
2031
4474
2895
2099
4151
2849
4515
1403
2297
2098
2115
2119
4367
3096
2192
2102
3410
1931
2241
1992
2022
2310
2126
6174
4411
1941
3559
1836
2120
1842
2957
1836
1776
2209
5812
1954
2041
3089
2150
2024
3526
1927
2064
4870
2463
2300
2063
1894
2579
2015
2139
2452
1829
2212
2489
2689
1966
1721
2160
2208
2925
2469
2740
5463
2093
2195
2815
2574
2518
1480
3432
2543
2158
6067
3347
3154
2086
2783
3356
2600
6105
1770
2835
1751
2256
2054
2136
7888
2595
2181
2090
2070
2186
2328
3005
2361
6447
1921
2176
1958
2362
5663
5536
2934
3397
3859
1724
4202
3504
2442
3150
4360
1373
2503
2213
1620
2549
1963
2615
1621
2264
2368
3192
2024
2169
2126
2258
1900
2136
5433
1951
2159
2723
3051
1895
2347
2820
2559
1999
4995
2290
2034
2158
2064
2158
2240
4852
2267
7962
11090
2498
1900
2233
2009
2078
2046
2038
2042
2203
2225
2520
1597
2946
5794
1804
2256
1971
2178
2038
2145
2149
2116
1850
2729
1778
2321
2139
2465
1703
2221
2009
3193
5891
2450
1885
1762
2273
3369
2012
2087
2242
3877
2456
1951
2503
2304
1488
3228
9340
3751
3074
1824
2528
1800
1851
2570
2254
3381
1643
3136
3007
1693
3945
3317
1798
2304
3996
2308
1992
2219
2038
2131
2048
3879
2363
1923
2227
2099
3981
2348
2235
1872
2273
2090
1920
2533
1764
2210
3113
1489
2236
2040
4140
2571
2374
3640
2733
2872
2490
1939
2153
2014
2112
4354
2783
2235
3346
1896
2128
2107
3783
2529
6704
2790
2016
2276
2540
2770
1859
2166
1948
3316
3612
1854
3168
2734
2126
2436
1526
2768
1954
2174
2088
2622
1800
11635
2370
2010
2099
2024
2028
2052
2111
2024
2039
2031
2025
2061
2018
2034
2117
2087
1987
2086
2065
2079
2043
2077
2084
2035
2046
2016
2032
2045
2048
2071
2048
2017
2036
2062
2018
2089
2037
1738
2472
1785
2233
1987
2083
2013
2044
2087
2024
2002
2054
2071
2008
2037
1852
2304
1977
2055
2050
2085
1994
2135
2008
2110
1841
2255
1817
1850
2404
2118
1918
2054
2077
2031
2031
2019
2032
2029
2022
2042
2032
2033
2029
2024
2043
2025
2033
2018
2090
2017
2044
2012
2051
2044
2089
2059
2068
2042
2036
2034
2026
2168
2012
2012
2049
1892
2269
1603
2552
1870
1874
2285
1983
2230
2435
1497
2232
3021
2427
1896
3340
1913
2063
5947
2010
2228
2172
1824
3342
3147
1880
2182
2239
6490
4523
5397
2266
3375
1800
2174
2030
3452
2055
2111
2132
3159
2119
4299
3375
1985
4009
3854
1519
2118
2824
2427
1916
2360
1819
2134
2333
4264
2092
3612
1557
2588
1703
2237
3275
2064
2219
4032
2536
1922
2083
2196
2303
1808
2186
2259
2132
4932
2308
1799
2345
2396
2089
2420
1430
7655
5026
1741
3245
1832
2372
2008
3049
2162
2089
3198
2223
2316
1843
2804
3974
2233
2723
2286
2392
3335
2350
3390
4812
1672
3024
1741
2073
2611
1944
4206
2363
2371
2001
2095
2084
2557
1576
2121
2065
2692
3474
2495
1539
2967
8977
6251
2114
6206
1851
2260
1886
2098
2190
1986
1948
2217
1997
2045
2048
2075
1737
2022
2456
1928
2072
2074
2075
2031
2298
1988
2068
2309
1917
2305
1934
2351
1894
2177
2064
2369
1844
2115
2130
4642
1581
2572
4914
2347
4079
2074
1998
2159
3812
2659
2146
3616
1810
2155
2886
3613
1839
6155
2303
1957
2757
2562
1996
3864
2425
1993
2107
2659
1633
2209
2152
2621
1780
3114
1662
4218
2562
1941
3026
1856
2509
2113
2508
1584
2849
1442
2313
2041
2745
4926
2502
6332
2408
1697
1791
2511
4058
2265
3073
2810
1553
2231
6432
4045
2526
1973
2281
1989
2100
2413
1768
2397
1952
2066
3152
2208
2202
2081
2462
2133
1946
2089
2274
2062
2091
2032
2107
5197
2251
2066
2209
2314
2178
2368
3713
2062
2204
2167
2464
2734
2071
2219
2235
2089
2085
2657
1579
2258
1865
4967
1790
2232
2240
2282
1738
2137
2281
7967
5811
4245
1507
2301
9178
10527
1907
2246
2080
1993
8828
3978
1396
1804
2480
2993
2105
2156
1727
4454
2050
1979
2317
2034
2126
2136
2439
1954
2214
2084
2809
2532
2512
2220
2915
2490
3683
3657
2986
2884
1641
2904
1785
2368
2078
3535
2118
2112
3659
2325
2073
1724
2744
1739
2584
2089
2137
3614
1581
2217
2262
2089
1908
1734
4814
1645
3732
1784
2473
2015
2094
3110
3569
1711
2212
2272
1995
2217
2074
3301
3260
4154
1753
2142
2014
4609
1433
2230
2184
1984
2063
1917
2263
2106
2246
2030
2908
2363
2096
2026
1973
2295
2620
1390
2574
3036
1773
2185
6288
2150
2024
2093
2066
2134
1953
2797
1844
2133
2870
2427
1950
2101
2755
3489
2353
1942
6455
1679
2108
2146
2087
2057
2093
2033
1747
2463
1988
2065
2408
2716
4859
1721
2396
5691
3883
3099
4354
1922
2079
2057
4197
3113
1612
2569
1687
2137
2043
2068
2099
2097
2323
1955
2060
2116
2083
2425
5956
2166
1762
2419
2006
2082
2197
2127
2026
2074
2951
2109
2020
2107
2752
3524
1932
4445
2468
1549
2238
2032
2076
3072
2295
1881
2743
1883
2407
1979
3703
1826
3327
2104
2047
1731
2719
1608
2216
2199
1955
2075
2046
4137
2354
2023
2162
2231
2020
2087
2267
2163
2173
5123
2544
1668
2202
1955
2211
2015
1899
3544
2946
2557
1674
2272
2009
2084
2104
2330
3266
1830
2550
1912
2298
1750
2396
1978
2352
1800
4172
2282
2052
1991
2519
2024
2084
2912
2500
2031
2185
6290
2086
2615
1700
2415
2280
3303
2111
2383
2820
2761
2101
1766
2679
3241
2199
2066
2362
1669
2840
2934
2195
2005
1776
2528
2427
1964
2221
2140
2583
4019
1967
2401
1813
2129
2095
2417
1797
3682
5300
2639
1606
2171
2070
2785
6773
3355
1942
2313
1773
2196
2263
2064
2050
2127
2295
2805
2257
2128
2683
2043
1879
2174
2022
2138
2041
5989
6290
1990
2061
2590
1799
2214
3162
3233
2190
2033
2405
1638
2107
2161
2771
1903
2224
2089
6100
2256
1993
2101
1983
2136
1998
2041
1935
2140
2099
2075
2022
2064
2043
2053
2043
2063
1882
2252
1990
1711
2468
1924
2063
2014
2034
2045
2050
2013
2045
2143
2036
2097
2021
2004
2036
1802
2055
2303
2095
1726
2390
1950
2085
2004
2060
2029
2040
2013
2035
2039
2047
2023
2043
2109
2006
2024
2031
2059
2134
1997
2034
2032
2095
2046
2027
2044
2020
2052
2032
2008
2108
2016
2017
1848
2327
1955
1712
2523
1896
2106
2032
2066
2050
1956
2130
2026
2052
2042
2094
2246
2024
2119
6528
5299
2090
2143
2144
2083
2132
2191
2122
2171
2178
2181
2104
2103
2097
2127
2130
2104
2111
2794
2340
1291
2440
6611
2567
1935
2020
2036
2053
2068
2034
2026
2039
2086
2065
2097
2051
2098
1982
2051
2060
2091
2052
2006
2049
2033
2032
2022
2177
2009
2213
1961
2075
2056
2182
2120
2045
6566
2146
2187
2139
3125
2264
2574
2017
2027
2050
3369
3474
2147
2194
3258
1815
2106
2099
2079
2032
2057
2849
2533
2007
2128
2040
2124
2213
2728
1811
6075
2488
3505
1773
2111
2063
2519
1647
2184
2099
4602
2793
2424
1833
2315
2095
2266
1932
2964
2378
1967
2107
2118
2032
2186
2103
2128
2977
2375
5580
1494
2286
1976
2085
2053
2039
3248
1921
2101
2032
4929
2783
2077
2160
1816
2428
1863
3994
2465
2027
2145
2121
2114
2084
3775
2643
1936
2628
1770
2212
2051
2240
2050
2078
2067
3761
3623
2621
1909
3446
3061
1702
2377
1825
2122
2843
3553
1590
2161
2020
2103
2161
2126
8956
6829
3264
2144
2013
2059
2103
2087
2144
2083
4730
2608
1774
2367
1717
2408
1990
2136
1990
1914
2183
1988
1856
2283
1980
2054
2018
2030
2045
2017
2051
2034
2015
2048
2072
2013
2041
2023
2059
2024
2030
2034
2027
2038
2028
2038
2025
2026
1842
2288
1970
2047
2044
2032
2028
1760
1940
2480
1962
2002
2072
2000
2046
2061
2043
2021
2027
2055
2033
1918
1796
2278
1966
2158
2250
1794
2352
1785
2261
1797
2268
1785
1817
2253
2297
1781
2257
1821
2231
1823
2237
1806
2279
1801
2263
1801
2270
1606
2512
1732
2254
1801
1900
2127
2088
2026
1995
2298
1795
2254
1797
2274
1809
1829
2337
1928
2029
2336
1757
2260
1800
2263
1789
2032
2010
2269
1816
1868
2135
2086
2028
2225
1802
2282
1788
2261
1796
2261
1793
2256
1612
2154
2087
2032
2401
1773
2253
1807
2095
2013
2355
1745
1893
2424
1779
1978
2091
2260
1813
2070
1978
2280
1788
2259
1792
2258
1797
2256
1791
1958
2074
2301
1781
2036
2010
2277
1844
1921
1996
2256
1983
1861
2217
2346
1733
2016
2279
1789
2281
1792
2261
1805
2293
1769
1841
2241
2224
1805
2275
1799
2261
1815
1990
2047
2015
2312
1819
2223
1608
2177
2066
2285
1826
2234
1749
1991
2160
1939
2008
2135
2294
1596
2505
1771
2244
1809
2283
1786
2023
2342
1804
2204
1821
2265
1802
2259
1974
2243
1810
2039
2133
2228
1858
2297
1846
2070
2338
1811
2443
2589
4356
2335
2087
2067
2302
1835
2032
2316
1808
2079
2109
2335
2541
3334
1744
2049
2283
1821
2297
1881
1984
2289
1611
2500
1763
1918
2127
2086
2048
2274
1764
2253
1871
2281
1804
2234
1832
2246
1807
2246
1802
2277
1799
1934
2381
1777
2053
2007
4682
1589
2139
2217
2046
2224
3579
1921
1846
2407
1739
2001
2394
5163
1948
2984
1990
2313
2187
2112
1745
1954
2580
2129
2054
2026
1930
2120
2981
2201
3278
2467
1971
2295
1819
1958
2066
3115
2420
2173
2026
2261
6959
2561
1701
1932
2158
1974
2717
2235
1569
2485
2014
2463
1978
2162
1859
2923
2619
1795
8054
1804
2004
1992
2771
1839
2281
1830
1908
2325
1968
2134
3344
1902
2030
2315
1826
1884
2170
2183
2105
2338
1838
2057
2094
2325
1815
1978
3085
2222
3905
3280
1381
2081
2161
2104
2319
1880
2475
1903
1971
5342
4073
1910
2113
2186
2018
2086
2045
2421
1812
2180
2068
3221
1819
2532
1856
2722
2658
1831
2505
1984
2545
1416
2228
2002
2098
1694
2564
2878
2434
1925
2242
4067
2632
1866
2072
2060
2014
2083
1812
2279
1971
2101
2647
1730
2172
2048
2931
3238
1980
2070
3490
1517
2194
2066
2014
2037
2041
2027
2069
2078
1801
2545
1986
1777
2293
2325
2012
2093
2057
2066
2122
4077
2140
2034
2046
2150
2069
1972
2188
2047
2045
2085
2111
2045
2120
2019
2066
2082
2110
1750
2448
1786
2210
2294
2014
6519
3005
1808
2091
2019
2094
2063
2046
1768
2391
1676
2392
1936
2060
2013
2032
2028
2024
2021
2059
1993
2033
2024
2081
2053
2062
2009
2051
2036
2020
2028
2017
2028
2040
2059
2014
2039
2074
2000
2032
2026
2032
2034
2016
2033
2026
2022
2049
2039
2030
2029
2026
2022
2030
2745
2529
1664
2350
1960
2046
2266
2550
1322
1977
2605
1810
2159
4890
2517
2033
2050
2131
2121
1979
2169
2027
2090
2147
2053
2165
4161
5382
3322
2317
1985
3619
1747
2304
1926
2059
2080
2060
2052
7070
5201
2160
2208
1950
2054
2091
2064
2396
1976
1716
2520
1923
2277
1912
2253
1914
3780
1419
2834
1579
2174
2124
2970
2517
1762
2211
2170
2019
2116
2092
3550
4595
2522
1604
2423
2103
2163
2029
2245
1911
2143
2076
2128
2127
2117
2271
3726
2762
2084
2511
2059
2115
1984
2431
1515
2690
1833
2694
1440
2540
1934
6229
2087
2059
2045
2110
2038
2073
2039
2209
2347
2539
2098
2055
2055
2825
2246
1609
2275
4709
1804
2136
2033
2051
2064
2123
2028
2401
1704
2380
1998
8084
4214
2046
1959
3653
1501
1826
2458
1916
2075
2011
2044
2020
2124
2063
2028
2108
2064
5652
2207
2063
2037
2006
2123
2042
3202
1700
3042
1332
3314
2407
1933
4287
2046
1997
2042
4157
1963
2133
2054
2124
2092
1708
2804
1695
2235
2151
3773
1461
2309
2000
2062
2041
2121
1647
2545
3157
1853
2424
1941
2098
2083
2078
2077
2033
2674
2266
1771
2288
2066
1985
2380
1896
2033
2089
2057
2099
4276
2083
2049
1808
2384
1671
2519
1937
2243
2048
2402
2178
2205
2099
4152
3025
2548
2207
2080
3490
1612
2149
1904
2312
1997
2095
2143
2167
1976
3566
3450
1664
2946
1573
2367
2010
2004
2050
2917
2823
2033
1968
2127
2346
2007
2080
1713
2415
1999
2083
2036
2165
1975
2080
2103
2061
2042
2056
1915
2066
2171
2578
1777
2409
1935
2164
2040
2105
1748
5188
3075
2087
1609
2569
1726
2365
2007
6102
2367
1873
2270
2269
1974
3732
2608
1588
3741
1707
2176
2016
2208
2002
2113
1660
2923
1742
2198
2028
3927
2370
1982
3270
3468
1999
2042
2867
2393
2448
1841
1650
2562
2163
2060
2139
2213
2126
2050
3626
1599
2191
2074
2092
4582
1506
2407
1770
2774
1487
1874
2512
2569
1662
4794
1740
2235
1983
3846
2088
2002
2331
1979
2196
2018
4778
2991
2480
1961
2621
1950
2143
2046
2133
2030
2181
2109
5316
1709
2124
2033
2032
1988
2081
2732
2055
2232
2083
2341
1786
2234
2073
1780
2457
1961
2138
1780
2440
1748
2155
6295
2066
2067
2043
1677
2555
1747
2029
2412
2005
2073
2129
2008
2132
2041
2106
2001
2178
4953
2305
1732
2673
3986
2101
2117
1697
3468
2315
1956
2087
2070
2237
1922
2188
2083
3980
2686
1882
1989
2010
2081
2814
4632
2895
1809
2210
2235
2020
2159
1990
2458
1992
2136
1727
2501
1974
2154
5397
2445
1940
2098
1652
2596
1721
2328
2497
1986
2218
2768
2559
1683
2304
2107
2933
2169
1965
4555
2112
2055
3407
1843
2132
2058
2100
2225
2184
2114
3482
2037
1610
4325
1776
2081
2077
4380
2403
1749
2214
3738
2485
1940
2089
3555
1813
2030
2100
3000
1531
2332
2011
2736
2374
1797
2424
3774
2078
3987
2407
2050
2199
2118
2014
2125
2787
2400
1996
2140
1695
5064
2399
2075
1829
2263
2160
1984
2141
2078
2243
1929
5819
2106
2669
1790
2181
1895
2276
2190
5035
3057
2446
1939
3006
2151
2329
5221
2074
3998
2041
2055
2590
3776
2326
1845
2429
1982
1784
2159
4288
5708
3694
2311
1935
2215
2030
1720
3739
1630
2323
1851
2343
1956
2147
2039
2707
1901
2889
2552
1939
2375
2181
1856
2423
1923
2133
2112
2639
1534
2693
1939
6552
1547
2188
2168
1955
2024
1983
2109
2000
2046
2819
2438
2007
2069
3092
2227
2252
4396
3849
2316
2120
2189
2191
1728
2510
1668
2468
2703
4174
4359
2097
2044
2377
1718
2721
1598
3384
2332
3577
2380
2036
1984
2809
1627
2797
2003
2605
1679
5150
2805
3834
1962
2267
1954
1986
2090
2015
3598
1441
1845
2537
2587
4931
1533
2260
1940
2233
2025
2111
2100
2136
2372
1985
2078
2577
2176
2125
2041
5038
1591
2188
1979
2173
2027
2064
2877
2633
1785
2113
1682
5348
2371
1829
2452
2046
2064
2868
1823
1822
2117
2303
2015
2147
2040
1753
2343
3453
1675
2206
2019
2160
2104
3164
1792
2418
1918
2361
1806
2717
1786
7694
1528
2244
1720
2499
1918
2532
1824
2698
1852
4049
2177
1971
3269
1686
2350
1903
2826
1608
2164
1965
2626
2027
3953
2483
2000
5359
3496
1607
2127
2085
2045
1888
2182
1995
2101
2387
1707
2169
2030
3995
2558
1991
4079
2183
2047
6377
6106
1895
2252
2066
2109
1652
3283
2481
1980
2073
2095
1822
2370
2016
2225
2052
2094
1775
3837
2109
2753
1354
2489
1995
2298
1847
2272
2396
1665
2162
1746
4513
1670
4252
2382
1975
2070
2137
2456
1902
2125
8030
2046
2502
1903
2151
2148
2425
1620
2160
2052
2818
1352
2379
3257
3079
1693
2417
4086
2419
1924
2039
2076
2015
2026
2088
1896
2239
1975
2042
3796
2187
2257
1784
2414
1998
2080
2060
2047
2790
2736
1826
2300
2307
1964
2012
2161
2492
1999
7024
1986
2224
2072
2086
2039
1690
2531
1968
2742
2143
2541
3932
5769
2960
1741
2226
2009
3073
2163
2184
1901
2466
1967
2431
1733
2244
2125
6680
1650
1878
2583
1967
2445
1814
2211
2080
3412
1798
2124
2315
1838
2135
2043
2119
2156
2049
2424
1655
2259
1985
2057
2085
1786
2547
2508
1683
2117
2300
4481
6337
2242
1982
2063
2078
2077
4134
3408
1674
1998
2301
2011
2065
2054
1973
2206
2064
2450
1969
1939
3375
2033
1981
2165
2134
2081
2816
2504
4551
1504
2260
2036
2094
2058
2063
2949
2516
2077
2055
2055
2066
2273
2115
1946
2278
3029
2238
1842
2392
2007
2150
2033
2042
2213
2125
1856
2280
2030
2125
2259
1838
2554
1586
2171
2078
2039
4028
2216
2064
2395
1677
2504
1959
2190
1884
2437
1962
2576
1765
2139
2019
2303
1802
2108
2034
2404
3370
2455
1853
2431
1724
3377
1775
2307
1969
2165
2441
1927
2119
2546
1780
2218
1988
3331
1671
2258
2081
2046
2062
1788
2437
2945
3196
2020
1970
2068
2061
2140
2225
2092
2531
1927
2083
3037
2690
2369
1946
2067
2197
1982
2086
2258
1909
2140
2026
4285
2282
1901
2073
1739
2453
1915
2113
2024
2064
2003
2040
2030
2251
1843
2151
2077
2077
1995
2089
3558
1621
2383
2006
1980
2004
2472
1880
2166
2012
2078
2081
5721
1688
3752
2162
2412
1696
2124
2567
1870
2937
2082
2310
1986
2075
2308
2309
3457
1833
2298
2192
2054
1697
2875
2159
2445
1746
1993
2347
3182
2097
3245
3733
1538
2153
1981
2040
2087
2037
2324
3526
2579
1928
2179
1964
2104
2030
2208
1799
2635
1620
2155
2420
2569
1678
2051
1863
3540
1694
2423
2633
2092
6727
1397
3901
1587
2267
2018
4652
1631
2184
2056
1980
2037
2104
2781
2642
1954
2090
3228
1458
2478
1931
2188
2036
2370
2154
5318
1780
2121
6755
2246
1880
2550
1984
2595
2081
2209
2727
3387
2272
2013
2074
2075
5321
2512
1587
2149
1997
2106
2359
1976
2826
3629
1947
2168
3913
3355
2196
2010
2083
2032
3522
2051
2020
2067
1957
2288
2793
2102
2044
2313
2310
2393
1933
2031
3644
1578
2502
2037
2858
2434
3933
2565
1623
2165
2098
2093
1701
2690
1731
4816
2369
2155
2050
1659
2196
2484
2033
2104
1849
2479
2039
2108
1962
2320
2615
1955
2127
2319
2082
4993
2358
2073
2048
1685
2508
1972
3614
2072
1718
1910
2421
1932
2196
3471
1721
1986
2059
3469
2415
1982
2288
2374
1285
2382
4625
2305
2141
2003
2045
2250
1940
2733
1971
1829
2446
2022
2147
1640
3313
2513
1936
1995
2242
2109
6884
7943
5124
3224
1816
2087
2017
3069
2353
3243
1925
2146
2070
2772
2518
2048
1650
2662
1750
2344
2024
2063
3945
2671
1908
2032
2089
2068
1980
2283
2166
2035
2107
2150
2279
2045
2126
3856
2307
2110
2156
2031
2061
2341
1673
2880
1856
2042
2101
5226
2778
2294
1941
1732
2491
2015
2047
1997
2258
2103
2040
2058
2103
2046
2339
2213
2041
2091
4473
1667
1851
2558
1819
2093
2064
2059
2063
1863
3787
3097
1671
2414
1990
2033
2167
2106
2038
4540
1803
1948
1911
2417
2010
2065
1685
2528
2996
2290
1869
2121
1742
2811
1728
2963
1729
2377
1934
2260
2071
2011
1653
2497
2015
2027
2108
2152
1928
2134
2032
1935
2537
2554
1277
2523
2023
1763
2466
1663
2803
4094
1964
2305
1774
1966
1856
2570
2024
3580
4018
1944
2123
2031
2096
2047
2145
2066
2031
2095
2908
2403
2190
2057
2399
2141
2169
2266
2230
1878
4125
2552
1922
2097
2067
2090
2047
2074
2066
2120
3105
2170
2019
2328
1769
2182
1640
2979
1628
2172
2098
1958
2189
2093
2028
4928
2904
2384
1605
2575
1939
2087
2036
2202
2273
2073
2190
1620
2494
1824
2003
3048
5614
2272
1968
2039
2031
3082
3114
2478
2060
3525
1450
2156
1992
2032
2847
2157
2293
1939
2139
2038
1820
5342
1466
2368
2372
2259
2330
1750
2331
1953
2023
2101
6895
2573
2705
2832
1985
1807
2453
2599
2353
2374
2098
2049
2074
4440
2292
1967
2086
2290
1822
2240
2060
4044
2169
1966
4552
1683
2104
2238
2710
2662
1954
2232
2790
2490
1742
2387
1944
2060
4217
2035
2117
2030
2332
1813
2129
2108
5322
1532
2147
2820
2532
1933
2114
1938
2327
2150
1931
1806
1992
2171
2404
2890
2409
2007
2113
1730
1973
2517
1994
2620
1774
2113
2189
4436
2387
2261
6789
2581
2128
2061
2060
2026
1848
2363
2022
2141
2153
7061
2203
2111
2014
2166
2103
2099
2043
2697
2614
2106
3132
2166
2069
2226
1712
2739
1646
5997
2407
1982
2070
2102
2055
2081
1912
2314
2110
2120
4727
2777
2311
2577
2013
1627
2211
3214
4936
1460
3724
1746
2258
1992
3082
2269
2056
2284
4231
1539
2480
1890
2640
1461
2155
1992
2032
2791
2449
1865
2551
1954
2073
2099
2068
2118
2067
5472
1611
2176
2052
1895
2248
1989
2192
1700
2170
2288
2164
2118
2096
2034
1957
2260
2082
2045
2105
6291
1874
2720
1597
2300
2028
2117
2057
2053
2070
2120
2136
2361
2029
2035
2072
1734
2523
2004
2068
2884
2642
1950
6864
2266
2247
1940
3772
1585
2586
1817
2127
2045
1919
2261
2051
2071
2084
2321
1954
2121
1662
2726
1809
2107
2037
2376
1704
4202
2285
2355
1881
3840
2505
1978
2015
2115
3701
2582
1847
2306
1919
2089
2162
2934
2120
3553
4094
1292
2474
1913
2954
1858
1866
2133
1941
3122
2580
1890
2064
2089
5295
3056
1583
2229
1993
2043
2558
2015
2310
2127
3221
1626
2206
2255
2018
2150
1729
4197
1975
2072
2154
2341
2068
2052
2065
2067
1802
2027
2390
2076
2095
2413
1591
6276
1971
2366
2006
2085
3361
1486
2451
2132
2069
2042
2297
3486
2116
2422
2017
2084
2101
2035
2114
2057
3266
1840
2132
2061
7984
2782
1874
2144
2051
3776
2499
1818
3927
1267
2428
1962
5204
2061
2137
1988
2024
2195
2018
2123
2039
3246
2230
2483
1982
1834
1721
3745
1748
2152
7103
5104
2246
2376
1659
2160
2029
2138
1658
2522
1958
2116
2048
2061
2051
2065
5318
1763
2367
1686
2319
1638
2581
1939
2089
2047
2174
2210
1942
2058
2163
6008
2219
2399
1646
2152
2022
2452
2033
2054
2042
2171
1984
2064
2049
2130
1707
2158
2347
7202
6013
2441
2015
1892
2268
1682
2403
2025
2089
2049
2125
4459
1867
2229
2009
1847
2462
1772
2224
2016
2058
2144
5953
2064
2046
2011
2106
1847
2318
2199
1852
2101
2010
2029
2034
2167
2030
3960
2279
2023
3812
2004
2447
2064
3186
2281
1931
3282
2011
1980
2039
2023
4809
1386
2187
2059
2110
2048
1988
2036
2094
2015
2113
2999
2217
2056
3381
1616
2192
1623
3327
2465
1956
4145
3463
1828
3969
2232
2001
2212
3423
1281
2452
4139
2009
2055
2096
3511
1878
1896
3705
1416
2271
2050
3102
2001
2164
1997
5287
1960
2138
2017
2024
2017
2139
1678
2530
1941
2017
7030
2548
1811
2087
2014
2032
3054
2343
1940
5576
1485
2237
2018
1675
2534
1693
2553
3847
1796
2566
1885
2086
2037
1822
2363
1842
2230
1841
7366
7578
1772
2416
2042
2042
2159
2028
2124
2083
4430
1917
2041
2019
2178
2006
1688
2526
3237
1831
2130
2673
4241
4361
4077
2671
2818
3963
1562
2272
2446
1729
2088
2054
2007
2032
2024
2023
2040
2026
2063
2036
2030
1655
2540
1906
2059
2027
2050
2033
2036
2034
2081
2070
2013
2119
1672
2541
1947
2123
1704
2529
1941
2115
2613
2114
2006
2075
2474
1647
2154
2021
2458
2028
2059
2093
2472
2024
2149
2062
4062
2097
1651
2391
3532
1750
2106
4007
2229
2013
2272
4650
2581
4820
1897
4761
3903
2109
1983
2729
1713
2318
1997
3226
2149
1964
2136
2882
1386
2251
1975
2031
2040
2074
2003
2041
2074
2021
2045
2098
2745
2573
2004
3595
1502
2214
2035
2326
1916
2084
2032
3487
1716
2428
1976
2389
2247
1761
2127
2052
2918
1805
2119
2126
2067
2077
2049
4157
1926
2483
1842
2197
2987
1572
4152
2112
2030
2072
2047
3105
2082
2355
1992
3265
1918
2029
4136
2427
1826
2103
2068
4848
2577
2436
1962
2081
2624
1310
2368
3208
2063
2096
4987
2203
2039
2519
1603
2170
2031
3389
1585
2472
2016
3888
2651
1901
3484
1708
2171
1708
2365
1942
2126
2014
4799
2299
1812
2152
2015
2085
2051
2170
1643
2649
2449
2115
2297
2078
2034
2093
2819
2110
1670
1827
2447
1947
2091
2056
2200
1883
2129
2016
6083
2547
3048
2010
2113
2043
2150
2320
1731
2190
2249
5825
1993
2410
1856
1798
2460
2436
2049
2060
2048
2538
1912
2129
1663
2555
1950
2101
2031
2145
5165
2001
2572
1894
2147
2003
2098
2128
2029
2049
4860
2892
2225
2000
6807
2191
1521
2525
1782
2264
2046
2049
2049
2058
2090
3936
4075
1986
3807
2426
1605
2585
1743
2314
2014
2375
1861
2162
2086
5483
3477
1724
2163
4693
2383
2608
1888
2074
2060
2028
2079
2244
1836
2185
5371
1704
2315
5013
2491
2005
2018
2037
1914
2293
5331
3396
1475
2294
4382
2049
2119
4841
2175
2448
1889
2092
2006
2027
2063
2019
2013
1818
2542
2011
2348
2023
2866
3684
2416
1965
2073
1961
2229
2049
2084
1636
2576
5312
1709
1760
2569
1874
2165
2292
1926
2029
2232
1863
3844
2460
1953
6395
4526
1499
1962
1844
2730
1906
2111
3757
2609
2595
2768
1941
2094
2021
7379
1750
1852
2501
1879
4965
2855
2205
2001
3278
1937
2111
2178
3307
2312
2108
2227
3998
2207
1972
2263
1955
1838
2436
1935
3145
2215
1939
7085
3307
1994
2181
1825
3943
1943
2087
2078
4304
2150
2029
4769
1664
1699
2368
4175
2086
1941
2227
1997
2056
2045
3205
2056
2099
2496
4455
1633
1787
2456
1923
2191
2001
3767
2303
2292
2036
4545
1524
2235
2476
1604
2493
1697
2434
1948
2079
2107
2196
1926
2085
2038
2095
3006
2235
2170
6147
2088
2249
1897
2088
2040
2173
2044
2031
2051
3509
1580
2159
2042
2243
5134
5098
2560
1908
2245
2485
1481
2266
2105
4562
3536
2142
4389
1992
2070
2743
1520
2311
2008
3389
2076
1906
1979
2523
1788
2116
1780
3234
2239
1998
2093
3625
1508
2340
2043
2024
2106
2042
2138
4161
2457
4802
2399
1984
2141
2047
2045
1658
2379
2581
1635
2266
4417
2317
1405
2101
2504
1898
2094
1818
3763
1658
2177
3046
1916
2048
1987
2042
2028
3376
1752
2207
4031
2038
3057
2497
1768
2311
5263
2156
1964
2090
2124
1999
2092
3389
1752
1795
5600
1907
2073
2108
2053
1867
2892
6517
2644
2000
5100
2546
1972
2075
1932
2764
1522
2176
1963
2075
2082
2872
1563
2025
2309
6074
2112
2036
2076
2052
2089
2004
2064
2163
2379
1641
2293
1897
2274
2056
5949
1585
1675
2528
2164
1929
2127
3629
2134
2532
1884
3070
2259
1997
2093
2322
2011
2053
2075
4749
1341
3120
2261
2565
1579
2119
2488
1711
2081
2016
3079
2427
1917
2127
1699
2420
1932
2064
2170
2021
2086
1781
3583
2005
2608
2199
1597
2539
1839
4454
1933
2061
5844
2379
2045
2032
2082
2047
2083
1815
2913
2307
2194
3833
1656
2184
4521
1229
2371
2275
4517
2573
1934
2092
2064
2072
2074
3623
1603
2388
1911
2065
2027
2026
2107
2180
2256
1888
2219
4552
1698
2080
1690
2435
2729
2454
1961
2124
2069
2053
2102
2059
2087
2039
2040
2846
1599
2008
2507
2113
3575
1525
2228
1994
2268
1648
2428
2066
2102
2042
2434
5145
2164
1626
2176
2025
2124
2032
3614
1844
2138
2160
2412
1637
2229
2042
2632
1527
2366
1996
6767
2154
2382
1878
2209
2001
2072
2046
2685
2598
2034
2072
2175
1742
1966
2515
2345
1847
2125
1957
2145
2075
2129
2047
2125
2049
3498
1809
1775
2528
5067
2359
1936
2322
1766
2183
2063
2044
2066
2412
1767
6756
1572
2235
2053
1619
2587
1643
2405
1957
2172
1662
4549
2186
2047
1991
2472
1807
1747
2435
1948
4611
1489
2176
2055
2399
1986
1953
2282
2065
2093
2031
2057
2804
1551
2485
1853
2498
2182
2278
1936
2964
2110
17604
1519
1774
2019
2497
1916
2055
2034
2066
1998
2067
2017
2018
2035
2034
2010
2045
1822
2317
1954
2058
2024
2037
2018
2215
2001
2068
2047
2063
2070
2311
2062
2154
2169
1812
2320
2002
2211
1987
2077
2057
2982
2321
1988
2065
2027
2341
5877
2243
2329
3041
2368
1974
3225
1880
8020
3987
2053
1782
2347
2339
1871
2360
3924
4382
1461
2373
1909
2055
2148
2013
1703
2614
1981
1895
2589
6566
2425
2130
2042
2053
2317
1787
2175
2342
3171
2278
1667
2225
2040
2157
2035
2076
2120
4058
1804
2502
1976
2069
2406
1753
3863
2438
1969
2772
3923
1756
2216
2077
1975
3090
1963
2467
18231
1992
2031
2001
2061
2024
2030
1650
2500
1909
2063
2020
2035
2029
2028
1744
2394
1946
2069
1997
2055
2024
2040
2025
2055
2041
2081
2021
2111
2078
2065
2019
2141
2058
2034
2142
3182
1828
2093
2337
1928
2057
1631
2522
1930
2539
1838
2071
2031
2091
2029
2065
1816
2443
1986
2054
2101
3803
7818
1518
2140
2009
2036
2026
2018
2145
1993
2081
1771
2389
1882
2196
1630
2461
2014
7605
1777
2381
1887
2114
2005
2209
2071
2212
2077
2118
2092
2096
2174
2033
2043
2130
2072
2059
1912
2465
1960
2177
1971
2134
2015
2203
2687
1551
2408
1987
1868
1957
2612
1921
2580
5349
1412
6079
2281
2367
1952
2021
6234
1988
2236
1974
2018
2200
2045
2117
2533
2371
1476
2297
2000
2099
1749
2034
7408
2859
2525
2038
2612
1487
7511
1747
2558
1857
2153
1985
2147
2044
2099
2032
1857
2512
1864
2107
2042
1726
2149
2402
5325
1792
2133
1785
2537
2262
1704
2134
2807
2388
1965
9857
2551
1637
2451
1973
2045
2030
2030
2033
2091
2347
1837
2099
5949
1952
1859
2194
2349
1975
2146
3698
1740
1965
2115
4089
2328
2038
2286
1957
2381
1999
2169
2070
2052
1982
3529
2239
1806
2131
4142
2045
1977
1792
2568
1792
2249
2147
1923
2082
2053
4601
1703
2201
2087
6139
1630
2022
2479
16135
1917
2078
1671
2433
1938
2050
2020
2041
2037
2048
2075
2045
2025
1623
2202
2327
1965
2046
2090
2047
2020
2037
2094
1720
3450
3620
1927
2050
2056
2029
2034
2219
2043
2092
2077
2098
2067
2259
2018
1689
2610
1943
2989
2274
1997
2062
5881
2830
1638
2405
5305
1616
2141
2458
12129
1407
2434
1623
2491
1842
2140
1991
1872
2234
1997
2042
2034
2037
2041
1879
2216
1985
3713
1407
2245
1990
2124
2112
2017
2290
2127
2074
2756
1888
2557
1957
2079
2046
2129
3013
2656
1885
1952
5328
4419
2109
2424
1952
2077
2088
2052
2069
2097
1811
3620
3306
1637
4337
2072
3693
1840
2083
2227
3548
2178
1273
2458
3212
1770
1919
2130
2487
1884
2197
1975
2312
2033
2075
2048
2273
4950
2015
2521
1888
2154
2017
2139
2731
2549
2246
2092
1763
2398
1964
2115
2057
2051
2046
2173
1968
2101
2065
5401
1377
2322
2233
2294
2070
2038
2791
2453
1997
2064
3652
2384
2158
16692
1524
2183
1991
2029
1852
2243
1968
2049
2062
2048
2013
2007
2072
1994
1910
2182
1990
2033
2022
2051
2014
2029
2022
2044
2040
2643
3022
2122
2227
2068
2047
2061
2053
2186
1920
2082
2169
1993
2055
2059
1737
2597
5096
1886
2131
1687
2512
1936
2171
2036
2168
2085
2488
1537
3824
1584
9605
6094
1419
2180
1996
1984
2088
2091
2089
2030
2102
2063
2042
2054
1753
3050
2639
1866
7112
2027
2076
1987
2071
2049
2053
2022
1732
2427
1925
2070
2151
1981
2103
2092
2034
2070
2140
7714
3438
3448
3179
1938
8340
1811
2071
2148
1675
3049
2544
2336
2009
5326
2193
1663
2545
1612
4281
2174
1998
2316
2122
2107
2071
2018
2052
2132
2028
2228
1960
2155
5736
2504
1968
2052
2045
2100
2488
1670
2425
2251
2048
2098
2007
2159
1981
2259
1965
2211
3578
3428
2171
1899
1992
2020
2418
1944
3014
2537
1928
2072
4596
3611
2304
2059
1639
2538
1834
2315
2377
2859
10298
5178
1986
2037
1699
2494
1887
1957
2250
2066
1904
2294
1975
3881
2764
1768
2507
1627
2442
1953
4041
2024
2075
2108
2094
4825
3658
1784
2533
1865
2067
2100
2662
2247
1803
2374
2073
2195
2065
2052
1673
2361
2704
2132
1898
3511
1652
2372
1956
4846
2509
2424
1594
2635
1825
2103
4389
1982
2122
5903
3330
2345
1646
2514
1542
2568
2692
4365
1458
2180
2414
2830
2232
2153
3626
1521
1944
2325
1966
1809
2384
4230
2565
1578
2187
2067
2170
1951
2082
1812
6753
2183
2534
1875
2221
1955
2092
3403
1919
2137
2025
2089
2038
2066
2071
2753
1371
2381
1982
4028
2216
1647
3489
2555
1653
2066
2076
2138
2331
1610
8088
5448
2521
1967
2093
2117
2023
2042
2031
2027
2023
2125
2323
1975
1751
2070
3215
2632
1818
2093
2723
2551
1921
2080
2215
2046
2164
2111
3852
4080
2516
1936
2079
2033
2173
1973
2093
2037
4946
2263
2027
2097
2031
2066
2042
3100
1609
2190
2060
2226
1933
2082
2035
2111
2030
2052
2119
7307
5380
1644
7400
1496
3211
1741
2144
1991
6863
2461
2744
1469
2226
2099
2884
2183
1913
2491
1830
2119
2032
2060
2080
2474
1936
1816
4889
2129
1926
2059
2006
2261
1724
4279
2547
1998
2075
2101
2031
2128
1655
2473
1948
2152
2051
3167
2031
2062
2074
2456
2016
2135
3935
2167
2557
1713
2186
4214
2099
2028
14935
2147
2425
1991
1696
2479
1920
2086
1926
2143
1870
2214
1990
2036
2037
2024
1664
2498
1709
2351
1955
2200
1717
4528
2488
2035
2038
2182
1995
1823
2201
2355
1996
2076
4809
2452
1984
3553
2748
2566
4056
2346
1990
1852
4282
3976
2088
2074
2443
1377
2521
1944
2684
4152
8208
14800
1417
2352
1954
2048
1785
2386
1936
2050
2023
2033
2059
1998
2046
2011
2056
1997
2033
2026
2031
2025
4329
1880
2408
2280
1774
2123
2048
3435
1398
2327
2062
2224
2036
2087
2071
3558
2582
2480
3969
2115
1809
2367
1974
2052
2059
2062
2023
2043
2048
2044
2056
2031
3804
2524
1917
2100
2036
1950
2168
1585
2613
8748
2371
1547
2514
1911
2056
2013
2715
1812
3255
2412
2036
2055
2390
3915
1914
2863
7098
2181
3162
1889
1720
2648
1847
2055
2021
3336
1825
2053
2030
2877
2654
1702
4753
2808
2386
1987
2005
2042
2093
2021
2962
2230
2008
2119
6691
2620
3298
2008
2248
2025
4273
1928
2479
1889
2796
2238
2510
1903
2129
2022
2174
6837
1588
2182
2013
2076
2048
2123
1994
2085
2053
2786
2511
1942
2072
3721
3036
2732
1784
4600
1533
2207
2601
1787
2184
2197
2027
2072
2033
2816
2900
1418
7211
2070
3085
1501
2297
1989
10530
1617
2105
2018
2018
2051
2025
2038
2036
2264
1851
2109
2029
2234
1901
1762
2518
2035
1955
2204
2009
2089
2081
2046
2049
2877
2259
4675
1852
2679
1674
2180
2022
2353
3533
2297
2958
1573
2326
1987
2455
1674
2125
2027
1714
2500
2210
1812
2166
4658
1691
2244
2007
2113
1667
2529
2596
1405
3181
4142
1888
4087
1940
2042
6654
2412
2468
1925
1658
3630
1990
2094
1989
5250
2167
2041
2152
2029
2068
2054
2071
1822
2567
1725
2355
1984
2090
2051
2899
2326
1822
2033
3364
2301
1973
4614
1337
2228
1736
2367
1941
2059
2042
2049
2046
2019
2033
2057
2010
2039
1847
3364
2334
2035
1989
2359
1956
2021
2027
2026
2069
1738
2111
2582
1830
2201
2022
2139
2058
1722
2508
4594
1971
2074
4228
2278
1990
2079
3887
1700
2053
4377
1442
2473
1967
2083
2036
2084
2409
2105
1665
2550
1707
2486
1860
2113
2094
4246
2285
1854
3947
1928
2522
2284
2063
2057
2042
2855
3091
1952
2085
2641
12140
2255
2304
1951
2058
1969
2083
2018
2025
2028
2026
2121
2017
2137
2022
2097
2245
1998
2096
2058
2401
2133
2072
2060
4713
1615
2158
1690
2518
1720
2041
2649
1927
2076
2069
5421
1971
2151
5958
2207
2111
1654
3319
2334
2152
1980
2165
1935
2169
2122
2371
1441
5688
2754
1915
1696
5720
1665
17211
14979
2636
2354
1931
2053
2024
2024
2025
2031
2070
2015
2016
2057
2011
1976
1708
2140
2400
1928
2051
2058
1991
2045
1712
2416
2036
5015
2816
1754
2324
1954
2109
2034
4409
1502
2435
2092
2036
2054
2052
2095
2034
2059
2108
3396
1777
2287
1847
6347
2020
1815
4400
2133
1918
2215
1984
2225
1659
2469
1918
2165
1928
4783
2261
2311
2003
1676
2556
1851
2182
2175
1953
2107
6018
2142
2083
2045
2051
2040
2413
2047
3939
1963
2157
1964
2065
2094
2014
4212
1893
2449
1931
2192
1993
2081
1907
2432
1939
2066
5167
3414
1760
2148
2080
1935
2255
1997
6724
2554
13514
1790
2141
1998
2045
2048
2021
2060
2054
1999
2035
2035
1690
2466
1553
2231
2314
1996
2031
2035
2122
2578
1471
2464
2882
2544
1956
2788
2598
1924
2043
2132
3522
2555
5131
1997
1979
2365
2324
1720
2082
2321
1967
2045
2164
2208
3499
2086
1849
3076
2634
1438
10786
1614
2101
2038
2070
2047
2046
2023
2020
5701
2617
1962
2073
2051
2046
2027
2290
1908
2153
2043
6570
1532
3970
2403
1920
6600
1440
2275
1993
2104
2053
2065
1672
2227
2356
2027
2142
2936
2272
2036
5093
2202
1717
2438
2336
1638
2326
1985
2148
2054
2031
10814
2648
1834
2095
2040
1992
1991
2132
1839
2364
1938
2189
1994
2169
2310
1683
6003
2693
1969
1863
2337
1971
2109
2100
2059
2099
2107
2028
2093
2114
2109
2080
2038
2282
3692
3038
2065
3551
2042
2066
4623
2620
1354
2351
1923
4644
1491
2297
2023
1658
2443
2062
2133
3913
3698
2018
12607
1505
2173
2018
2047
2014
2054
2027
2040
2031
2026
2060
2199
1990
2062
4348
1582
2395
2825
1356
2004
2359
1939
2057
2049
2000
3477
1914
1884
2102
2050
1690
2509
1943
2134
2060
2069
2058
2091
2052
2054
2089
2495
1350
2183
2414
6022
2033
2045
2097
1873
2249
2037
2742
1926
3023
2402
1732
2070
2042
2049
2315
1996
2055
2044
6306
1818
2497
1360
2549
1919
2428
1678
2146
2028
2708
2574
1921
2110
2268
1840
2116
2054
2120
2035
2095
2051
2398
1689
2168
2044
6491
1923
2549
2017
2003
2131
2120
2729
2664
1912
3385
1745
2187
2013
1717
3739
2554
1927
4694
1559
1793
13364
2143
2346
1933
1994
2138
1870
2184
1981
2040
2019
2024
2029
2042
1651
2491
1905
2057
2013
2036
2107
2015
2052
2073
2552
1993
1829
2132
2089
1754
2527
1955
3402
1999
2060
2063
4969
1956
2632
1884
2071
2067
2075
2060
2044
2074
3257
2135
1990
2507
1778
5427
1424
4513
1564
2134
2260
2411
4735
1971
2549
1886
2246
1956
2886
2373
1970
4659
1655
2063
2046
1768
2431
2067
1817
2409
1960
2084
2026
2202
2022
2219
1988
6139
1607
2911
1651
2469
1979
2073
2069
1799
2373
1927
2200
2008
2058
1677
2455
1718
2512
1932
2307
2031
2051
2123
2553
2087
3044
2726
2140
5427
3193
1959
2018
10361
7026
2913
2071
2047
1996
2027
3008
2667
1543
2312
1999
5500
2118
2072
1955
1829
2328
2022
2052
2052
2054
2153
2060
2091
2091
2029
2284
2046
2108
1813
2230
1984
2038
2021
2035
2028
2035
2016
2074
1994
1813
2240
2101
2006
2032
2038
2014
2025
2046
2148
2604
3603
2378
1949
2073
2082
1996
2040
3333
2012
1971
2402
1940
2024
1705
2264
2206
1981
2054
2128
4492
1540
2196
3978
2300
2053
2070
2856
2404
1929
2056
2019
3756
2894
5050
1494
2753
1876
2265
1961
1868
2386
3226
1775
2323
1823
2088
1912
2406
1978
1999
2260
3465
2034
1585
1777
2508
4429
1578
2163
1985
2114
2043
2155
2530
1111
2523
2521
3126
1977
2009
7111
2191
2956
2630
2365
1280
2389
1943
2040
2640
2118
1942
2475
7869
6071
2151
1674
2356
1976
2226
2185
1992
2067
2044
2078
2037
2104
2165
2521
1875
2105
2352
1781
2140
2372
2014
1866
2361
2043
2500
1688
2523
1924
2089
2050
2073
2115
2022
2125
2156
1992
2289
2025
2123
2118
1751
8760
4613
1436
2616
1541
8330
4790
1972
2003
2156
1923
2203
2109
2004
2176
2248
2243
2070
2119
3916
3096
6758
2470
2021
2418
1521
2647
1962
2090
2064
2023
2094
2661
3091
2510
2888
2357
2130
1953
1903
5391
2181
2021
2065
2069
2045
2061
2178
1974
2066
2062
1679
2588
1715
8574
6425
1833
2067
2026
2058
1670
2440
1936
2064
2042
2384
1832
2389
2200
2006
2098
5192
3189
2667
4375
2084
1662
2207
2484
5704
1303
2927
1714
1821
2553
3715
2586
1975
3313
2198
1807
2137
4765
2617
1910
2051
2033
2211
2087
3965
2293
2786
2399
1914
2237
2006
2035
2015
2099
3272
2265
1977
2039
3441
2313
1938
2051
2011
5238
1601
1717
2535
1555
2509
1839
2155
2649
2479
1918
2194
2024
2423
2189
1683
4079
2131
2058
1927
3643
1788
2100
2157
2499
1489
2160
2016
2024
2063
1634
2039
2287
2165
2127
2014
2148
2402
2067
2139
2051
1997
2084
2004
2396
1997
2233
2101
6405
4579
1490
2198
2013
2996
1747
2358
1985
1996
2750
4022
2441
1786
4063
1945
2516
1946
1707
2500
1945
2697
1531
2528
2984
2884
1229
2537
1891
2084
2008
2134
2032
2402
1594
2230
2160
2737
5351
2614
1829
2064
2115
3389
1783
2053
2046
2079
2074
1980
2041
2142
2030
2464
1651
2175
2150
2023
2091
2354
1873
2116
2660
2113
2031
3414
1962
1642
2097
2048
2031
1988
2016
12022
2151
2150
2047
1981
2042
2026
2029
2022
2023
2027
2061
2003
2030
2194
1979
1948
2337
1982
2076
2060
2050
2062
2039
2096
2003
2054
2103
2007
2121
8363
3851
2665
1817
4602
2494
4542
2447
1535
2324
1891
2073
2020
2036
2088
2019
2040
2056
2069
1989
2032
2059
2029
8431
1728
2150
1852
2034
1976
1994
2309
2082
1906
2135
2579
1890
2102
2048
2092
2103
2062
2131
2158
2083
2119
1850
2317
2086
2041
2061
2073
2172
2127
2074
2083
2278
2003
2069
2023
2223
2133
2062
2033
2187
2283
4590
1620
2220
1978
2080
1724
2338
2237
2026
2100
3350
3140
1974
10309
3852
1607
1903
2443
1934
2143
3165
2090
2049
3409
1996
2011
2102
2066
2826
1613
1900
2508
1630
2692
2590
2286
1642
2495
2227
2008
2117
2054
3784
4844
3470
2525
1929
2099
1976
2093
2023
2095
2303
1843
2116
2110
2053
3891
1937
2830
1523
2420
2095
3962
2560
1838
3118
2229
2365
1952
7690
5813
3283
2435
2152
2255
2018
2013
2064
2070
2662
1416
2198
2337
1780
2098
1997
2032
2276
1878
2058
2024
2033
2290
1589
2661
2133
2010
2558
1516
2259
2045
1937
2582
1614
2566
3064
5602
2273
1943
2063
2104
1697
2515
3400
1839
4654
2072
1997
2052
5269
2558
1469
1726
2511
1912
3043
2222
1853
2524
1912
2158
1831
2414
1978
1853
4849
1732
6042
2033
2560
1972
2006
2106
2013
2153
2714
3044
1917
2059
2036
2067
2111
2130
2170
2002
2021
2032
2137
2083
2063
3159
2637
1705
3664
1639
2237
2062
3703
1591
2517
1906
2043
2028
2033
5073
1951
3006
2634
1637
3736
2419
2016
2019
10494
1649
2194
1786
2298
1980
2061
2070
1985
2025
2044
2032
2137
2119
2176
2040
2183
2094
2067
4556
1840
2482
1919
4049
2437
2139
2270
1744
2291
3203
2005
2416
1963
7703
2179
5665
1792
2127
3066
2114
2178
1812
2257
1974
2053
2083
2071
1855
9449
5636
1668
1935
2243
2015
2366
2016
2174
1864
3712
1582
2165
2053
1761
2170
3112
1977
1631
2505
2063
2217
1704
2246
2665
1518
2333
1962
3979
2586
1801
2904
2013
2320
1951
4629
1325
2208
2390
3791
2280
1946
4109
2200
1678
5451
1750
1964
2202
2285
1967
2188
3818
2101
1896
2540
6782
15855
13279
2451
2042
1926
2029
2209
2068
2028
2022
1641
2524
1896
2100
1956
2088
1961
1843
2356
2038
2010
2046
2236
2022
2289
2073
2064
2792
2782
1920
1696
4394
2298
3266
3151
1903
1875
2153
4047
2414
3839
2467
1937
2233
5769
2491
3636
2578
2067
2114
2332
1949
2042
1633
3979
3121
1777
2144
4072
4696
1976
2081
2027
1813
2177
2732
2370
2387
3187
1891
2078
2527
1661
2124
2020
2034
2159
1999
3424
1738
2973
1496
2353
1710
3917
1748
2431
1917
2036
2053
2222
2346
1953
2065
2015
2044
2029
2035
2037
2040
2024
2869
2555
1958
3427
1682
2479
7657
2681
2316
1783
2076
2015
2063
2035
6522
4380
1625
2466
1632
4636
1671
1753
2590
3574
3736
2026
6753
9759
2034
2538
1923
1753
3638
2436
1901
2088
2055
2149
2006
2084
2055
2058
2054
2053
2085
2056
2120
2089
2404
1822
2259
2208
2007
2120
1762
2510
1935
2093
1810
2450
1982
2440
2063
2113
2102
2093
3291
4564
3510
2072
2552
1893
2064
2157
2004
2794
1755
2216
3031
2113
2054
2066
2092
3918
2209
2339
1618
2496
1910
2071
2083
2026
2064
2083
2064
2119
1756
2512
1789
2858
1369
2264
2020
2042
3494
1632
2383
1979
2339
1831
2155
4238
1774
2559
1677
2865
1403
2211
4838
2440
2153
2024
2071
2055
7664
2570
1801
2295
2504
1402
2334
1631
3965
1647
2152
2000
2818
2342
1951
1658
2517
1908
2059
2027
4134
2342
1932
2172
2010
2134
2036
3188
1960
1967
2183
3556
1774
2071
3455
2337
1907
2035
2095
3204
2101
1722
2491
1647
2426
2098
3657
2424
2159
1712
2339
1931
2361
1943
2083
1765
2482
11601
1757
2031
2075
2165
2000
2033
2119
1731
2407
1596
3116
3583
1337
2239
2049
1671
2531
1934
4974
2036
5896
2012
2402
1822
2134
2050
2155
3782
2496
1908
2107
2170
2033
2051
2369
2133
2033
2137
1750
2493
1946
2083
2035
2141
2356
2838
6578
4416
1908
1507
3736
1864
2135
8796
1276
2536
9896
3721
1554
1968
2502
1864
2162
2036
2042
5568
1599
2162
2029
1740
2063
2533
2194
3621
2222
2011
3728
2660
1860
4642
2867
1518
1842
2724
1800
2470
1679
2311
5219
2087
1799
2451
1998
2080
2060
4652
1489
2354
2002
3206
1881
2091
2120
1948
2163
6875
2296
15194
2115
1640
2497
1930
2059
2019
2046
2004
2053
2041
2034
2024
2028
2030
2021
2027
2031
2045
2024
2047
2024
2039
2244
2715
4397
1914
2371
1944
1997
2045
1836
2837
1842
2181
5029
4284
1899
2397
1722
2230
1785
2284
4052
2143
2066
2026
2131
2007
2103
2034
2141
2098
6199
6284
1799
1893
2165
2114
2644
2582
2131
2086
2047
2172
2027
2094
2082
2083
1795
2378
1993
6071
2122
3322
1613
2585
1937
2031
1828
2363
1967
5503
2106
1929
2129
2031
2360
1996
2463
1873
2351
2144
2252
2156
2409
1978
2095
2324
1856
2096
6227
3936
1679
2129
2130
3033
2419
1976
10633
2071
2293
1963
2047
2070
2132
2004
2042
2018
2034
2192
1958
2118
2575
1248
2559
4122
2173
4241
2120
2042
1768
2354
1941
2062
2012
2030
2030
2044
2024
2047
2026
2131
2014
1676
2488
2794
3623
3052
1787
2432
1955
2790
1806
1665
3153
2898
1888
2070
4297
2001
2010
2099
2025
2097
4228
4053
1988
1817
2435
2017
2007
3404
1609
3404
2023
1894
3337
2241
2129
2043
2143
2242
2015
2210
5490
1841
2167
3310
1797
2119
1661
2491
1702
2507
1991
3772
3436
2434
1936
1756
2435
1951
1673
2793
1688
2173
3138
2329
1987
2096
2241
2017
2069
2899
2377
2026
1690
2523
3746
2013
2091
2066
4061
2947
10092
6887
1494
1747
2498
1902
2067
2028
2126
2016
2082
2070
2103
2089
5132
3601
2275
1517
2516
1882
2058
2033
2036
2064
3218
2260
1970
5076
2160
1993
1901
1988
4554
2270
1661
2124
2210
2040
4261
1543
2532
1927
2134
2058
2047
1739
2588
2409
1979
2113
2113
2096
1648
2588
1764
2968
3067
2472
1972
2061
3066
2095
2411
4684
2536
2553
1559
2514
1899
2136
2032
2703
2334
2270
3147
2267
1945
2045
2914
1488
2199
1959
4179
2053
2018
2119
2056
2166
2009
2082
1750
2545
1961
2384
5659
2322
1997
2102
2074
2084
2060
2107
3499
1557
2178
2067
2051
1769
6736
1792
5927
2360
2028
2080
3287
1612
2335
2297
1965
2042
2011
2064
2460
1720
2103
4772
3437
2192
2228
1951
2065
2029
2029
2053
1737
1991
2062
2584
1867
2124
5503
1619
2784
2151
2364
2158
2032
2024
2382
1942
5451
2908
2621
3408
1750
1932
2312
1977
2057
2236
2036
2065
2107
2082
2041
2121
3759
10123
2461
2704
2241
1991
2034
2047
2033
2020
3379
2033
2193
3266
1474
2560
1900
3869
3571
2116
2722
1635
2208
2040
3501
1649
2251
1741
2526
1954
2095
2141
3733
3134
2290
2381
2574
1913
2095
4895
2215
1695
4191
2590
2016
1993
2039
2027
2202
2321
2235
1874
2122
1990
8185
3764
1743
1853
1898
2010
2016
2457
1989
2101
2059
2106
2073
4040
2550
1892
2047
1990
2211
2000
1725
3245
2445
1971
2647
1796
3221
2276
2824
1248
2503
1892
2071
2027
2210
1980
2099
1986
2142
2000
2096
2353
2020
1659
7069
1740
2307
1996
2110
2048
2056
2056
1713
2604
2092
1571
14183
2113
2268
1974
1646
2556
1884
2060
2015
2034
2021
2039
2033
2032
1736
2409
1933
2054
2049
2013
2030
2025
2048
2022
2023
2029
2110
1650
2574
1677
2564
2310
1637
2165
2024
6379
1701
1747
2563
1961
2077
2050
2038
2154
2071
2189
1997
2469
1967
2203
2007
2104
2033
2051
6091
1807
3890
1567
4542
1517
1992
2204
1978
2037
2040
3306
2498
2068
2001
2036
2056
2007
2049
2009
2054
2092
2047
2096
2349
1863
2113
2068
2105
6552
4824
2309
2135
2149
2064
2056
2050
2065
2160
2135
1815
2457
1952
2105
1637
2509
1702
2434
2021
2048
2123
3559
4146
2720
1623
2039
2390
1936
2221
1986
3812
2567
1912
3704
2809
2244
2016
2696
1843
3098
5382
3960
2149
2073
1686
2536
1903
2099
3774
2465
1942
2007
2142
2033
2068
2075
2071
2063
2121
2009
2786
2545
1936
2110
2530
1654
2129
2100
4132
1760
2390
1997
2065
2129
1982
2261
2002
2846
2706
2053
2061
2091
1712
6683
2459
1651
1832
2571
1951
2061
2044
2676
1870
1715
2172
2349
2915
2952
1589
2117
1756
2432
2563
4891
2325
1859
1697
2165
2254
2076
2035
2006
2175
1982
2095
2122
2045
2117
2049
2122
2058
2055
2091
1872
2434
1931
8535
2792
2177
2047
1668
2519
1948
2129
2037
1817
2008
2518
2017
2072
2048
2122
2052
2151
2036
1957
2440
1966
6054
4087
2009
2046
2052
2250
1628
2522
9910
5327
2109
2560
1881
2093
2143
2015
2118
2038
1992
2204
2006
2790
1842
2168
4450
2902
3355
1475
2347
3253
2432
1411
2488
1906
1988
2185
2561
4811
3240
1918
2036
2512
2032
2063
2225
2919
1440
2189
2000
2189
2022
2065
2067
3104
2344
2029
3733
2059
2524
1938
5811
1964
1630
2131
1977
2040
2020
2054
2030
2042
1692
2451
1927
1815
2426
2828
2321
1628
2495
1956
2114
2045
4506
1672
2191
2063
4779
1247
2467
1940
2071
2064
2075
2041
2130
2187
2270
2142
2020
2207
2057
2103
2026
2170
2101
2123
2031
2097
2046
2072
2718
2833
1798
3337
2002
1890
1975
3831
2496
2379
2197
1923
2167
2830
3932
2030
2351
1940
2046
2968
2381
3068
2088
3027
2147
2058
1681
2531
1783
3591
2598
1487
2233
1974
3444
1708
2624
1903
2115
1842
4227
2353
2071
1840
2748
2115
1749
2917
2582
1956
2148
1748
4050
1346
2529
1699
2403
1955
2068
3406
1732
2119
2055
3089
2106
1679
2520
1555
3583
2120
1977
9762
2152
2425
1938
2041
2035
1950
4733
1722
2206
2010
3881
2426
1974
2095
1971
2106
2022
3124
1772
2465
1775
3929
2600
1574
3625
1987
2093
1871
2339
1975
2069
2057
2856
2183
2482
1691
2682
1980
2079
1991
2045
2225
1935
1877
2554
1580
2353
1972
4964
1920
2202
2280
2161
2095
23025
5229
1960
2056
2018
2024
2042
2059
1995
2039
2021
2034
2019
2060
1983
2046
2034
2041
2025
2118
1883
2002
1990
2007
2042
2510
2196
1822
2110
2032
3375
1732
2134
2057
2104
3248
1998
1648
4512
1446
2118
2723
1622
2147
1980
2925
4252
1858
1890
4374
11585
1614
2136
2024
2013
2060
2013
2026
2034
2024
2027
2092
1973
1990
2206
5174
2115
2284
2001
2038
2052
2118
2553
1626
2547
4438
4414
2497
1779
2563
1781
2074
2103
3208
2015
2080
4056
1818
2512
1772
3490
1993
2228
1660
2451
1933
2171
2036
2652
1776
2138
1844
5995
2529
3674
2438
1891
2083
1698
2557
2648
3435
2030
1996
2036
1986
1850
2160
3925
2075
1696
2559
1748
3985
1738
2153
2104
2704
2583
1925
1839
3224
2472
1950
4243
1897
2092
3915
2320
1996
2308
1824
2139
2033
4378
2104
2001
6415
1468
5927
5008
1868
2512
2285
5007
2303
2074
2173
2452
1482
2220
1837
1922
2459
1992
1988
3352
1883
2161
1994
2063
3326
2092
2190
8179
6157
1911
4499
1713
2163
3396
1688
2117
2120
2023
2049
1758
2510
2006
5057
2197
2309
1631
2458
1969
2089
2029
2085
2082
2137
2200
2119
1887
3879
1692
2050
2304
1915
2207
1968
2072
1697
3887
1789
2126
8889
2367
1951
2085
2078
2251
1971
4723
2583
1887
2192
1817
2661
2420
1598
2079
2957
1998
2112
2069
5011
1437
2243
2075
2037
1936
2207
1680
3801
1721
2346
5928
6109
2321
2056
2231
3495
2359
2126
2019
2040
2017
2025
2031
2015
2069
2047
2046
2161
1998
6011
4046
2315
3461
1643
2257
1970
5633
2032
1999
3128
2593
1527
2137
2017
2560
1507
1958
2302
2055
2030
2069
2106
2041
2061
2072
3326
1738
2429
1794
4670
1542
2173
2308
1742
2143
2033
2113
2369
2067
2018
4168
2062
1698
2074
2518
1938
2098
2843
3730
2159
2026
2085
2093
2020
2053
2213
1639
2427
2223
5424
1443
2436
5243
3309
1734
2104
3915
1828
1953
2010
2059
3536
3925
2456
1961
2082
3321
3402
2128
2033
2213
2668
2015
1330
5393
3066
2502
1906
2089
2055
4180
2001
2154
2042
6389
1691
4262
1897
1702
2835
1695
2154
2025
2108
2065
2053
2071
2037
1786
2576
1766
2275
2065
1791
2451
1932
2135
2306
1805
2128
2066
4726
1354
2153
2324
12714
2143
2495
1910
2070
2026
2024
2039
2028
2027
2024
2024
2032
2020
2019
2030
2034
2028
2023
2025
3706
1517
2439
1983
2442
1677
2202
3178
1620
2215
4599
1885
2086
1953
2073
2148
1995
6821
1723
2258
2847
2427
1907
3255
2017
2015
2146
4170
2044
2026
2068
1988
2037
2151
4110
15415
14050
1665
2535
1562
2354
2081
2020
2030
2026
2035
2036
2025
2024
2040
2016
2031
2032
2026
2052
2002
2075
2037
2023
2033
2234
4207
1375
2195
2415
1952
2049
2161
2011
1832
2531
2021
2072
2085
2025
2051
2065
2227
1995
2031
2049
2089
1971
2181
2043
3698
1294
1982
2255
2950
2067
1882
2613
3554
2576
2450
1422
4110
2365
1554
2305
2268
1968
3988
2397
1997
4185
2336
2100
1912
2118
2758
2560
1958
2449
5056
1670
2444
1837
2314
1981
2070
2120
2041
2131
2192
2820
1612
2251
1715
5749
1727
1940
2242
2391
2024
2036
2131
2527
1948
2063
4260
1614
2446
1753
2275
2064
2015
2055
2366
6264
10519
5415
1343
4744
1628
2147
2052
2064
2069
2031
5909
6063
2408
3107
2066
2036
1731
2028
2512
2157
2901
2228
2413
2228
1806
1878
7382
2212
2146
2207
2146
2134
1997
2060
3315
2761
2128
2080
2071
1891
2351
1969
2104
3448
2044
2050
5480
5046
1932
2899
1684
2148
5853
8727
4545
1432
1941
2453
1996
2116
2625
1399
2168
2131
1823
3974
1319
2432
1980
2052
2049
1721
2155
2388
1951
4470
1434
2441
1995
2200
2161
1983
2159
2297
1804
1722
2597
2274
1800
1790
2484
2036
5604
2229
3141
2622
1914
2197
1977
2661
1566
2182
2585
1623
2459
1937
3538
3471
5272
3042
1768
2269
1967
2040
2068
1983
3298
2025
1639
2046
2357
2244
1999
2037
2149
5814
1638
2194
1982
2049
2031
2034
2039
2174
1986
2421
2028
2112
2054
2141
2044
1700
2491
2678
2601
1919
2085
2176
2027
2157
1987
4458
2928
1473
2180
2125
1764
2034
2449
1839
2753
1772
2309
1983
2409
1696
2186
1653
4378
2242
2073
5514
4990
1890
2164
1991
3023
2992
1678
2119
2237
2185
1697
1956
2500
1962
2033
1682
2477
1992
2061
2135
2055
1848
2348
2185
2024
2055
2053
2044
3033
3102
2003
2075
4799
2437
1961
2064
2073
2038
2090
2071
2133
2153
2120
2018
2049
2040
2185
3705
1402
2247
2005
2086
2076
2032
2094
3251
2146
1795
3607
3294
1473
2154
2006
6550
2446
1927
2319
1690
2526
1926
2052
2223
7771
2661
3168
1905
2066
2082
2815
2399
1907
2076
2007
2067
2132
2023
2415
1705
2528
1913
6202
2080
2183
1908
2256
2058
5869
2533
2559
2025
1970
1913
1898
2370
1606
2589
1937
3092
2385
1934
3786
2488
1935
1748
2543
1928
2116
2103
1726
3276
6680
1607
2179
1967
2044
2022
2027
2023
4341
1996
2046
2201
5591
1519
2258
2002
2063
2040
2107
2032
2063
2046
2222
1926
1865
2367
2016
1965
2226
2012
3154
2037
2099
2036
2550
1896
2209
2025
2178
5637
1418
3165
2243
1894
1979
1978
2350
2045
2050
2142
2655
2421
2269
2164
2166
1911
7873
6220
2373
1938
1758
2395
1950
2082
1985
4811
2411
1705
2494
1710
2366
2033
1728
2463
1942
2136
3662
2629
3568
1914
2521
1687
2142
1613
2528
2292
6146
2232
1798
2124
3021
2415
2013
2211
2188
1859
6148
1264
2325
1992
2027
2046
2018
2509
1813
2083
2008
2141
2202
2041
2090
16712
1421
2206
1853
2189
1978
2046
2000
2076
1927
2149
2005
2049
2025
1821
1998
2022
2386
1964
2032
2029
2012
2030
2023
2037
2172
1974
3929
2391
1625
2794
1756
2138
2037
1879
3727
2593
1851
4199
2388
1940
2279
2046
2331
1999
3428
2415
1593
2210
1722
2424
1979
2078
4003
12520
2060
1723
2157
1675
2393
1936
2058
2028
2021
2030
2014
2024
2026
2035
2035
2026
2098
2058
2009
2035
2169
2043
2056
2066
2061
2096
5081
2570
2959
2108
2035
2099
4396
1714
2182
4137
1963
2071
3871
1917
2528
2237
3768
2308
2017
3333
2070
2026
1763
3993
1954
2249
1970
12999
2589
1549
2515
1903
2052
2017
2035
2025
2048
2021
2104
2036
1975
2279
2053
4747
2463
2074
2043
1810
2359
2010
2079
2016
2077
2400
1865
2103
2072
1674
2485
1658
2515
2013
2513
2983
1995
4128
2206
2073
6961
2203
2192
2009
2109
2030
2009
2028
2027
2022
2026
2296
1582
2316
5029
3222
1693
1913
5310
1921
2320
2057
2340
1712
2181
2013
2034
2085
1708
4030
1546
2499
1882
2106
2124
1981
2147
1659
2515
1953
1985
2206
2042
2075
2122
2500
1653
2369
1980
2795
2025
2372
3702
2592
1931
2114
3582
1422
2265
2041
2069
2179
1958
4365
1732
2158
2860
2908
1949
2020
4733
2422
5621
3375
1969
2514
3694
3244
2122
2213
1989
2063
2054
2702
1841
1983
2066
7782
1901
2140
2008
2134
2012
2390
1752
1759
2489
2034
1683
2519
1927
2236
1766
2428
1952
1836
7086
1226
2486
1951
2069
2053
2074
2099
2020
2235
2830
1974
1735
3064
2088
1897
2040
2517
2002
2102
3213
7465
1293
2481
1709
4698
2013
1729
2101
2008
2314
1455
3926
2326
2123
2104
3933
3823
1784
2060
4957
3377
1738
2441
2103
2050
5213
2017
2012
2062
2029
2089
2091
2556
2396
2142
2040
1989
2055
2906
2146
2094
2030
2066
2087
1730
3505
2235
1775
2388
1939
2106
2047
2238
1865
2109
6580
2941
2576
2058
3831
2022
2324
2102
9973
2256
1590
2483
1627
2296
2235
1942
2501
2322
1971
2106
2109
5370
1805
2476
1910
2053
2169
1990
2509
1937
2128
2002
2841
2551
1931
1937
2957
2226
1698
2132
3221
2750
2595
1881
2068
2023
2053
2047
2030
2035
2170
1849
2305
2023
2082
1822
2694
1854
2085
6819
2069
2494
1913
7304
1676
2499
1929
2145
4733
1482
2388
2055
2012
2047
1855
2346
1976
2096
2184
2213
1735
2422
1972
4639
2367
2567
1946
2092
2041
2057
2073
1694
2528
1918
1917
3244
2502
1930
1765
2158
2357
1973
2428
2923
2158
1702
4282
2337
1986
1765
2450
4030
2169
2087
3123
16359
1815
2532
1911
2035
2005
1988
2018
2088
2019
2048
1850
2001
2019
1869
2232
2255
1969
2040
2022
2047
2036
2039
2026
2023
2167
1993
1702
2461
2098
2050
2172
2007
2224
2397
1972
2063
4029
2187
2097
2035
2878
2383
1595
2642
1916
2108
2060
3462
1685
2140
2407
1734
2264
1839
1934
2737
1580
2268
2379
2293
1702
4741
1649
3549
1570
1938
2020
2265
1974
2037
7257
1852
2196
2001
2176
1983
2201
2261
2732
2408
3786
2195
2252
2511
1796
1758
2522
1887
2635
1333
2250
2049
2075
2544
2023
4155
2387
1713
2042
3044
2355
1967
3486
1665
2151
2020
3238
1694
2413
1957
3084
3142
1599
5043
2431
1986
3422
1947
2057
1882
2867
2695
1897
1864
4350
2296
2004
2092
1873
2267
1848
3942
1255
2519
1691
2590
1832
2116
4899
2338
1982
2130
2038
3051
2399
2782
2324
1967
2055
2018
2045
2018
2047
3104
2272
1611
2641
3453
1740
2110
3283
2137
2076
2051
2232
2686
1932
2029
5758
2449
11943
2034
2533
1544
2570
1822
2069
2018
2036
2021
2038
2025
2028
2038
2121
1639
2447
2955
2293
1977
2156
2013
1704
2366
2153
2029
2152
2064
2776
1753
2161
2057
5004
2451
2077
5428
1644
2304
3105
2141
2030
4323
2194
2388
2193
3641
3833
2440
1888
2061
2002
3011
7348
3627
1651
2125
2043
5636
5322
1842
2068
2016
2117
1865
5388
2355
4613
2287
2495
1893
2030
2164
1929
2143
2424
1874
2122
2019
3412
1673
2161
1938
2593
1493
2417
1606
3683
1631
2423
1683
2687
1932
2075
2076
2536
1949
2091
1935
3723
1875
2211
2415
1809
2119
2029
7502
3504
2090
2022
4407
1760
1751
2496
6673
2552
1582
2494
1597
2548
2534
1372
2243
3834
2410
1922
4678
1277
2426
1950
3363
1975
2012
3794
2492
2000
1903
3508
1859
2105
2102
2040
2051
2079
3879
2314
1986
1690
2262
1960
2414
1944
2998
3414
1936
4247
1784
2435
2005
1681
2533
1621
9573
7375
5509
2274
1847
2046
2384
1944
2083
2152
1861
2227
1715
2458
1943
2130
2099
2101
1784
2412
1988
4329
1937
2124
2031
2040
2112
2086
1745
3752
1564
2259
4080
2408
1965
4017
1832
2616
1828
2440
1679
2357
2039
2206
2183
2017
4979
2341
1963
4098
2087
2018
7525
1531
3211
13828
3267
2589
1874
2094
2011
2047
1914
2214
1830
2273
1766
2348
1703
2407
1598
2485
1569
2572
1889
2076
2159
2167
2061
2076
2094
2047
2051
2046
2153
2072
2059
2130
1890
3073
2619
1953
2078
2036
2058
2052
2055
2398
1941
2162
2022
2611
1623
1823
2297
3553
2006
2071
2087
2356
2358
1686
3433
1510
2464
1964
3202
2383
1965
2071
2064
2058
2068
2047
2469
1593
2367
1633
4198
2437
1980
3733
2586
1924
3109
1679
2387
1998
1990
2242
2164
2175
2033
2305
2068
1830
2423
5167
1924
1966
2370
1996
2074
2046
3652
2098
2417
1377
3501
2013
2370
1948
2625
1825
2046
2010
6166
1992
2249
1536
2543
1933
2141
2676
1807
1992
5293
1936
2441
2023
2077
1782
2406
6218
2285
1726
2453
1947
2117
2017
2142
1984
2071
2082
2063
2051
2127
2194
5116
2119
2016
2094
2035
2092
1650
2809
1916
2099
2036
2113
1776
2630
1834
3878
2105
2138
2387
1977
2089
2039
2078
2080
2060
2454
1629
5646
1482
2015
2260
2022
2074
2038
2254
1900
2085
2108
2331
1781
2119
2037
1807
10237
2039
1947
2002
2335
1949
2057
1995
2242
1994
2078
2029
2134
2034
2053
2046
2121
2041
2062
1731
2558
1944
2078
2117
2137
2244
2012
2104
1807
5664
1713
2476
1739
2065
2116
1825
2339
1599
2526
2948
3070
2036
2049
2120
2052
2073
2058
1745
2448
1869
2093
2415
3072
2470
1969
6907
1805
2184
3135
2530
1939
2668
3327
1732
2468
3281
1878
2128
2225
3074
2325
2493
1952
2116
1762
2399
1983
2290
1881
2135
2042
3010
2249
1996
2194
3802
2375
2011
3816
2417
2004
3163
2048
2053
2094
3001
1945
2221
1963
2553
1878
2117
2048
4414
1806
2135
2672
1473
2316
1655
4896
2680
2551
1926
3407
2014
1911
2121
3197
2153
2018
2105
2064
2066
2164
4890
3306
2089
3706
1688
2096
2072
3755
1277
2485
4097
2000
2361
1992
2462
1758
2343
1948
5002
2000
2572
1830
2237
1825
2325
3442
2052
1716
3471
1740
2125
2041
3129
1719
2526
3109
4975
2481
1971
2107
1669
2460
2098
3594
2532
5502
4997
1766
2845
1617
2168
2012
1765
2481
3030
2041
2128
2027
2055
2041
2119
2033
2069
1694
2589
1933
2082
2112
2151
5326
2083
4056
1816
2538
1909
2131
2108
2029
2076
2195
1676
2376
1844
2461
2011
1705
2524
2728
2405
1913
2283
2077
2185
1958
2054
2550
1628
2148
2070
2016
2024
2052
2023
2031
3890
2605
1869
2152
2079
2464
1835
2148
2033
1683
2510
2121
2032
2077
2078
3645
2232
2213
2289
4534
1482
2526
1962
2073
2050
2064
3394
2008
1623
2230
2474
2065
2033
1683
3742
1665
2178
2067
2060
2076
2042
4033
2288
2243
1980
2125
2790
2431
1957
3541
1601
2164
2017
2649
1698
2267
2009
7678
5624
2358
1924
2054
2020
2072
1996
2035
2029
2277
2180
1984
2481
2072
3463
1376
2109
2082
3759
2044
2325
1943
2426
7063
2804
3676
2209
1888
2436
2027
2069
2135
1955
2042
2150
1992
2098
2153
2052
2069
2405
1389
2442
2073
2262
1857
2131
2059
2348
2231
1864
2094
2066
2085
2029
2140
2869
3061
2166
2179
3930
2355
1962
1824
2110
2562
1940
2213
5672
4857
2053
2088
2062
2072
2326
1908
2185
2010
2115
2106
2050
1766
2508
1717
2427
2163
2033
6736
2187
2067
2054
2358
2019
2073
2054
2187
1803
2421
1970
2340
1963
2105
2044
2118
2021
1931
2247
1660
2271
2387
2630
3678
2311
3529
1870
2177
2047
3261
2074
1867
2278
1831
2268
2061
2049
2066
2098
2153
5723
2406
2236
2009
2091
2049
1783
2390
1992
2101
2041
2084
2574
1874
2236
3422
3144
2135
2083
2916
2322
1958
2082
2527
1879
2104
2060
2230
2026
2082
1663
3976
1428
2236
2507
3234
2155
1995
2056
2031
2024
2026
2037
3037
2149
2012
2038
2156
3339
2133
1774
2333
2354
1757
2100
2089
1961
2391
1959
5806
2455
2031
2032
2113
2025
2090
2046
2122
2038
2092
2038
1754
2447
1978
3471
2869
2391
1913
2123
2055
1958
4242
2455
1921
2100
2025
2116
2048
3284
1793
2115
2394
6869
5079
2676
1599
2141
2667
2189
3859
3159
2341
2166
2391
1900
2058
3089
2680
1443
1952
2893
4196
1637
1779
2489
1958
3420
1658
2224
1965
2050
2087
2054
2445
2609
2703
4798
1870
2262
1986
2015
2180
1996
2085
2034
3679
1571
2122
2127
2121
2155
2033
1690
2563
1721
6608
1955
2437
2313
1453
2525
1891
2031
2822
3262
2956
3167
2358
1794
2050
2371
2022
2073
1799
3987
2566
1919
2101
2029
2072
2091
2086
2057
2078
2152
2168
1758
2642
1749
2263
5365
2628
1731
4336
2027
2242
1956
2229
1989
3199
1749
2393
1920
2810
1374
2343
1960
4059
2533
1916
2084
2037
2884
2284
1836
2468
2060
2126
2067
2733
2495
1716
1788
3138
2483
2412
1929
2165
2059
2034
3365
2004
2286
1908
2855
2538
1873
2727
2546
2049
2075
6387
1961
2072
2039
2992
2042
2178
2054
1750
2650
1930
2127
2154
2137
2014
2068
2093
2027
2080
1695
2553
1929
2084
2054
1983
1879
2586
4953
2305
1968
2878
1697
2171
2152
1970
2039
2083
2014
2029
2026
2052
2244
4000
1853
2573
1924
2085
2077
2054
2073
3406
2138
2180
1971
2043
2114
2054
2090
2590
1816
2424
1852
2599
2055
2066
1965
2202
2088
2101
2078
3862
2724
1951
4215
2098
2128
1681
4918
1690
3460
2333
1818
2226
3908
3046
1761
2504
4340
1807
2441
1896
4269
1948
2095
2030
1678
2455
1935
2518
2043
2145
2056
5041
5322
1950
1671
2459
2072
2022
4224
3032
1888
2240
2014
1948
2268
2077
2037
1768
2506
1691
2448
1967
1870
2357
7180
2717
1477
1884
2430
1914
2188
2076
2486
1556
6000
2404
2004
2071
2100
2109
1647
2960
3385
2327
2625
1917
1805
2388
1981
1940
2332
1891
7196
1451
2190
2013
2105
2196
2035
1993
2230
3797
1880
2125
2069
2104
1675
2497
1840
2246
2146
2020
2283
2006
2029
2219
3170
1953
2082
2042
1696
2199
2422
1960
2143
2061
2035
1758
2511
1943
3807
3125
2435
1959
2609
1720
2242
2062
2347
1873
2121
3396
1708
2191
2014
2154
2022
2186
2020
2121
3055
2628
1622
2314
1994
1722
2523
1963
2184
3524
1531
2616
1476
2234
1998
3989
2174
2196
2021
2049
3410
1680
2283
2143
1996
2284
2307
1926
2148
2024
7247
5229
1539
2524
1933
2130
2023
2065
2046
2112
2063
2263
1882
2348
1986
2074
2044
3361
1812
1999
2156
1995
2043
2033
2056
2004
2114
2555
1359
2375
1922
2808
3493
1933
2034
2141
2024
2118
2079
3114
2036
1686
2435
4642
1478
2211
3621
1250
2382
1695
2430
1940
2393
1947
2168
2047
2183
2045
3476
1498
2596
1507
3554
2257
1676
3780
1593
2403
1917
4314
2592
1396
2041
1892
2455
2041
2028
2134
2119
2547
4800
3396
1855
2112
1960
2255
2084
2044
1867
2386
1975
2068
2098
2038
2093
2061
4289
2273
1808
2162
2062
2238
1819
2404
1954
3489
2361
1804
2732
2544
2603
1479
3609
1971
2332
1976
3028
2065
1994
2076
4358
