256792
108875
127625
108292
124625
79625
111208
102709
80333
69500
81125
88125
72750
86084
104125
92125
79042
92291
118833
76500
75750
146500
88333
84708
90916
66916
101416
93750
74042
89375
80958
93291
82083
81042
110333
105916
100791
113750
134459
115625
89083
84958
119000
151167
102917
89875
113916
123791
72625
101000
94666
89667
131791
94667
85500
115750
92041
85291
112583
128875
78791
79042
74959
83542
104292
106708
85375
123917
74167
85000
89375
116583
75333
68959
100750
102583
122792
98792
92000
87291
77833
97667
85542
98750
65583
76417
79958
125000
92750
82834
86875
85250
52333
70000
78709
67375
68541
68792
92958
62125
63292
60500
94083
82208
119084
71459
92083
77584
287500
142209
110875
193667
114709
70250
108250
92959
61750
89459
125542
122875
174041
125250
91250
102542
107542
92833
107416
99292
110958
88750
118458
107833
107125
85500
81917
110833
75125
94542
91083
109708
97334
92833
93500
70333
111375
110750
137625
198208
205000
194625
151792
104459
172167
146834
204250
122875
156541
168042
161166
163584
106917
114958
152875
86042
119667
95250
135834
159375
116583
108125
98958
107833
81958
105292
105375
99917
105917
105875
146584
208584
164666
166000
130541
109333
93042
102375
208959
90958
118375
182084
162958
106875
108459
176791
94542
142958
145750
165958
127333
136417
109250
1066875
126708
136959
147042
99041
120875
103000
161542
140833
138042
158209
107000
130792
152292
143625
115209
175916
133584
91542
203416
90667
97375
76125
81875
78708
100833
98709
88250
158042
100792
97125
65208
91792
92208
89000
58875
98167
70375
68167
75084
75584
65792
61000
74250
83959
73042
59084
51833
70875
67208
52791
68750
69375
71792
59750
57583
86042
79042
69917
106750
70916
59958
63000
66917
60500
89250
69083
60917
52709
61375
70250
58667
56791
60167
56833
82667
65833
70500
60834
85917
74375
145291
75417
77667
74209
62584
84416
82667
66708
98375
84583
128917
117333
94708
105333
119500
131417
95916
99166
130458
111250
107667
126833
1007041
247542
122250
168375
131708
171625
194166
123375
107417
152083
140000
207458
120791
106375
91292
130709
93291
101458
148292
115958
101708
106375
109834
129583
118958
95000
84000
92750
106958
123333
87958
116125
87917
90375
100292
106875
124042
116084
126959
105292
99375
135792
110792
122500
86458
82000
91292
98041
102459
88708
98333
121791
86833
86459
81708
106250
99583
110500
93709
108167
181292
106750
73583
153333
87667
101333
100709
105750
99958
103041
93458
138125
110541
91541
86458
128250
109708
119708
100333
88792
97250
128458
91917
75917
83875
111125
105000
94500
106250
101333
81958
115291
95458
100375
78042
84542
126791
113500
73875
110625
84625
133917
186750
105625
126125
105875
98125
101167
150625
147458
114708
93958
112041
114583
132125
104625
144750
96292
115500
115084
116375
123667
112333
146750
102917
110708
147417
98750
84667
102416
115875
119500
126500
105000
97458
127667
84708
123833
109750
103666
109584
98375
97833
89417
91583
92750
103750
81458
81000
99625
117041
115916
92333
99042
93334
98458
89708
81459
104791
100750
100083
108833
86750
90500
92667
129959
122958
140083
99000
140000
119250
115500
92375
106708
91167
118416
85834
98166
105709
110000
95875
97292
104000
119875
92334
122583
90708
84500
82417
95875
94500
78125
95875
80958
100417
85916
101834
77041
93875
100083
83375
100334
110208
107959
90334
92708
76209
85625
73292
110167
97250
97791
98500
98875
108708
112834
89709
139250
156625
157625
108792
122708
120667
104000
137125
114500
126625
131125
269458
130583
122125
140250
229666
115125
116333
300250
131042
90542
102750
115000
103916
122000
125916
142916
142667
72083
108625
90833
95584
93500
83500
79083
139958
111416
72916
76791
84000
98833
81250
87417
97208
77125
106541
74833
81291
75250
89583
76000
85166
107834
93833
94458
92583
107083
102250
84083
85000
103167
90000
112791
107459
96167
86875
119083
95666
187917
105667
112625
132958
128583
95583
96250
101417
100083
91292
80875
82291
76167
92375
85667
65458
77042
82959
74292
82292
68834
110458
91459
70750
67458
76792
80417
72750
98250
93041
132166
92084
104250
116834
91208
77541
85292
84250
81084
104209
119000
101667
91917
90084
97084
107833
120667
94666
87583
84125
82000
69792
83333
81792
113292
102125
106958
69375
68959
66000
88583
104166
103584
79833
128542
87083
84959
100625
96375
83791
78375
74417
62667
52125
58958
80958
76208
71625
64916
85250
101500
79583
69792
120958
92791
120750
81459
142125
100792
92042
87083
121834
88834
154833
122667
107208
122542
119459
100041
113375
106584
87875
101750
90291
85292
84333
86208
89125
120375
97666
74208
81583
109416
80875
70458
86875
91417
90250
80291
76333
87334
130750
109500
114416
104834
114292
130459
124125
124875
125792
90708
84167
92791
101375
100041
107792
105917
124041
117917
106834
112583
102000
93750
112916
112375
176041
109458
108042
101583
161292
139709
129208
158583
119625
123958
133292
109917
161875
145709
124417
107083
150750
121834
121125
125459
128167
123500
132000
125792
94041
138958
211542
147250
170125
123375
117834
149791
129083
123333
154250
138750
145084
149167
131625
201959
146000
99667
213875
187625
160125
97458
125917
135166
115292
97667
144167
102125
66834
85917
71875
120208
99375
88791
98292
115041
129042
99250
1006834
191750
188500
175291
132834
115750
140583
140834
112917
1760875
933583
372167
100708
154750
122167
92583
143166
144583
109292
122667
140625
126500
120333
95042
100000
79000
123792
148583
138625
92041
138292
99250
135041
125041
125292
105333
91500
79250
96250
75792
142291
117041
69333
69583
111417
81041
77708
60500
80541
93833
90834
82000
54208
110792
75375
67750
51958
77125
70292
58000
65334
115333
98167
72917
87500
67875
73375
64625
81041
123000
75042
100500
73667
66291
61458
66375
69000
119750
105459
120709
100125
92292
73625
77458
112625
129666
107833
172292
79750
98417
114709
130542
97125
97750
122250
93875
80083
116291
196542
117042
101416
113917
105708
81917
72584
111042
94000
97416
116125
85792
74000
62917
103667
104750
70375
179833
118708
113583
109375
126917
122875
86167
68417
59292
65167
73041
71875
69750
124291
107791
91875
96667
128708
90084
116833
89542
94000
92833
85292
63583
143208
76875
111666
76708
127125
125584
105375
173333
121250
84958
69083
93959
129000
176250
172708
243708
266125
186958
101333
107333
113500
95500
99667
100250
107666
93541
86375
85875
70667
121875
130291
89208
166333
563834
189042
165583
128083
238709
234583
76334
113250
125458
110708
139958
138625
82667
128334
90500
76375
98250
138541
87709
153792
91833
138083
151500
108458
138625
144583
93500
87000
141083
148875
1960458
178375
108708
97333
105041
139625
125417
111708
131208
104792
93375
119167
165166
115833
98708
96958
103041
73042
99875
119458
83542
112333
