244375
98125
84792
171917
208833
75125
69625
68083
61541
73916
67250
82625
63584
54542
47208
77500
56167
89167
48667
62916
55917
32000
59708
64292
44334
35042
59750
35833
45208
34542
67292
51542
58125
54834
83917
44208
52375
72417
61541
36625
68042
45084
55292
62583
68000
47000
44834
41916
47875
37583
42334
65791
43750
50500
50792
40458
58125
69833
41667
47542
52000
60208
54667
59959
93166
47250
48083
102792
55167
50666
53625
42708
59959
64500
57458
39375
80958
50500
41042
75000
42208
60125
70667
57167
96791
75167
54917
56958
84292
48583
78750
65208
55042
64000
86791
48875
58208
61083
46167
56167
61709
49208
62500
238542
62500
60833
58875
50875
46042
57125
59000
59333
63292
43417
70917
72792
88292
73542
63875
52166
86875
81208
54250
78542
44000
73625
51375
59708
86625
58959
58208
74083
38375
47541
63041
43375
69500
37833
40666
36250
42166
36958
47458
37166
57750
42875
63000
37792
68375
52625
53833
80833
72834
43375
83750
50375
63333
96500
46709
58583
42750
39167
41083
47375
35500
52292
35167
32417
43583
40583
39125
38750
39291
43459
43209
39958
41875
37667
48167
65583
74125
76625
74542
78750
88166
44625
63167
53333
93166
64667
98792
83792
74209
59209
75667
63167
48209
39125
56708
45333
41708
40792
38791
36250
46458
34375
30375
34292
36750
42000
43875
41000
52791
59417
463625
173333
74875
61416
46292
55416
45083
41083
49667
54709
59917
66667
70583
59167
44042
52500
48875
44042
78208
51333
63166
49500
36833
41250
33958
43833
45834
58041
41292
40875
42250
29250
59375
42917
45208
30958
37458
35500
54583
31709
35333
85333
68584
47500
33417
51125
41833
44250
44750
34291
59541
89542
256292
47000
47833
68167
80209
56875
52042
66875
54625
90834
82166
52375
63416
102417
127417
191417
51334
74834
66166
57500
65708
68417
53333
74166
71167
65500
46208
102042
105958
59750
71958
56917
132542
56750
62792
77667
60208
69583
80417
84708
80375
119000
76083
80791
66041
118042
68000
237625
121417
83084
177375
107208
154625
82167
51333
88875
54250
64375
64959
99167
119209
102709
115625
131209
555458
861542
68084
58917
48584
53416
42542
66042
39250
153250
54708
72083
63291
67042
48875
60042
55334
54750
51459
61916
76000
53208
65583
66958
54042
65833
76458
57625
49542
54666
48125
43459
61125
46084
43750
64417
49458
60709
63709
71333
49041
40000
39583
40708
49000
42375
41250
37417
47667
55167
53458
39083
43208
37083
47000
41292
54375
52625
44916
37458
60375
43375
48333
38709
42125
46917
37667
43417
40125
73917
65666
65333
67125
59166
61959
57583
69792
80167
78708
76958
73666
98875
67709
87083
65083
60000
58542
65708
47083
76667
54625
58000
49041
66208
70125
55709
50292
67666
86083
73875
65625
72375
45208
74208
63250
62000
70167
48000
41041
65208
51542
81167
57625
42334
44292
82000
52875
48459
50375
64875
68042
41334
50667
52583
84042
52084
57584
86583
72334
58000
56167
82000
85375
401959
57292
67459
58334
63959
51167
73084
68041
74333
64959
57375
58250
59083
56459
73250
78000
92250
64916
58250
52333
79208
57209
59625
67750
64875
78000
52250
133291
73292
77125
110167
84708
100583
72209
82875
112292
80667
75959
63833
71458
66958
100958
89500
70958
59583
71917
72167
72042
62375
129834
67959
59291
69458
49333
61417
65250
66250
51834
59834
68959
87375
82375
65375
75875
87125
59792
62875
67667
84041
50334
74167
1186333
68416
63541
761042
53042
768958
74625
199500
816583
917291
329875
41500
75583
61041
70833
67083
72417
98334
61292
69375
52500
72958
61792
65041
64000
71208
97584
69834
66125
90542
92625
59625
72791
65500
60292
65959
69042
88416
72250
70417
58500
53250
60541
50208
58666
63333
51500
59208
54750
57833
60292
63708
57375
65458
86750
47666
61500
53125
68250
79333
60458
47459
69083
48291
61000
48458
48708
58708
68458
68292
46375
5533792
1938250
62958
124666
113291
3412291
725833
833375
58000
214292
87250
92750
80584
58333
61958
69875
75417
73125
94708
62625
61958
53292
131833
63959
72042
70167
138334
63250
63667
51667
73042
57250
56791
87625
49334
69125
92875
67500
99583
79000
65125
101000
87125
81042
47875
382125
96042
70792
55792
74500
72792
83625
48458
46250
46792
40625
47459
49792
67458
51583
64209
67459
87084
65875
76083
71667
74000
134042
113833
105291
50833
51583
54709
47000
116959
82041
56208
53042
80750
43083
49917
51459
44250
50750
50708
57667
48042
49250
48833
69541
61375
96792
67208
68417
50167
45042
52000
46834
62958
124375
80417
46625
44459
741375
93667
63334
56291
54792
43750
48583
63625
57708
52750
49625
62000
42125
54500
44084
41500
40750
47459
47083
64875
47833
76041
131417
50666
74125
63250
62458
79583
47333
56792
82709
80125
58167
76416
71958
70792
55750
41583
75959
92750
77792
80167
84958
79500
71209
73000
79417
66375
72041
69375
59958
56458
57000
61458
78083
58000
56833
68208
95083
54083
48375
153417
83042
68416
203125
56667
40375
71833
66500
98375
69333
63375
58542
52792
146333
44042
47708
49792
50875
42959
48500
54958
74083
46000
41542
43292
42417
136500
51375
70542
42792
66666
44500
48541
72542
77750
73875
56041
59875
51666
64125
56667
64792
78250
60542
101375
181292
87291
112125
80625
598041
164667
72750
57500
59209
83042
57000
59125
67125
66916
54209
63459
48708
57125
61375
121208
77375
69083
88291
68416
77833
70708
59500
49500
73417
75875
56292
109417
130292
170458
54500
65542
46208
49208
70708
60458
46833
47167
36250
67583
51792
43916
73000
69125
55500
66708
42166
58459
59250
79250
73125
48208
58250
53042
74167
68458
88584
47334
66834
37709
61375
57792
55792
80375
40333
74791
100791
142084
112917
56375
49500
41917
328500
59666
67208
53791
56458
49500
87500
71458
90708
55000
71917
48625
