380331
103499
115332
59708
45999
164041
598579
371664
50583
41749
156749
128790
126000
51041
132291
196457
68333
64291
60041
213790
305539
88957
218165
186457
169083
387956
171249
181082
143290
195374
85583
84500
48500
126083
44750
74666
100458
67708
48750
76249
48750
66041
62541
68625
88374
54000
60791
68166
73208
55875
115707
89916
59374
49124
53083
44666
69541
72916
43625
47416
46708
60499
53417
48500
132749
70332
120124
58874
117208
52416
60958
45291
239040
1465573
43833
173915
172749
678037
81791
68541
451872
126249
127791
127291
1003493
127624
78250
38208
46624
177832
97041
58125
56166
186332
135749
233123
118207
371080
99249
366414
179082
128416
195707
51708
63083
302497
110208
313248
124499
566371
117082
294207
169707
954494
112750
360289
132749
243082
110999
461288
132457
558788
210624
306498
305332
150999
71916
51875
49000
71916
45750
50749
49999
150249
44917
64875
97666
81458
95041
55375
128832
69958
74625
61833
76958
61457
55166
71749
69333
79582
49041
58708
58458
79541
56333
50792
62041
45333
59957
43458
73083
144999
80583
51291
44833
45666
41375
45375
45708
65249
76707
57625
201332
211373
163249
201915
140332
369205
183290
645162
150124
510704
273415
60708
47833
117874
46500
38791
124457
91208
1277657
66458
64958
52374
203124
259499
88291
54208
57541
230249
701495
1449948
282414
70499
56791
149582
892411
209290
125666
66791
153499
133416
200707
176040
251374
83583
121582
102790
190665
153582
157291
132375
150124
171582
202415
1408198
587287
230040
179291
204749
386080
141583
99333
165666
427622
909702
59666
59499
55166
57625
102916
85291
83374
62582
53291
59083
64250
58666
58916
49791
77750
57458
60541
52208
57666
74832
63041
50875
59958
58041
56791
45749
57208
44458
48499
55500
343747
102957
207332
61082
316331
824786
368872
173249
136457
456872
127916
226457
109583
184790
117082
7544572
197499
68791
75042
57291
39750
67166
44166
135958
579037
63374
49791
100541
373081
268831
261248
155415
126374
130583
94166
425372
169082
174123
148416
101833
151249
372289
704995
319539
65707
119457
78083
728287
903827
967868
968327
135416
858828
101165
164123
130166
258790
105083
1078284
101124
276498
158624
189623
179415
291081
1328616
1749321
122374
127749
43625
45000
53125
40042
59666
99332
69250
58958
63333
55708
55583
131416
54541
44874
59666
54083
50083
65124
86291
54166
55542
44958
50250
60375
83582
471080
198832
45833
81874
45375
113375
182916
55958
51083
67166
143915
58166
70624
63541
43333
42167
53000
72292
198332
160624
1664697
495288
180707
66124
44333
37125
138249
151332
143291
47749
101833
79708
245040
315748
155624
109833
318706
142041
157083
226207
362331
903452
119499
1739780
86416
61167
191457
374080
119749
212915
259290
137540
162874
155582
264582
426330
54875
39916
43458
251873
218456
201207
430289
58083
69124
1001034
196457
229207
230582
6316248
159208
47000
54416
115833
121249
62000
38125
49333
76500
76667
59916
43541
82749
56042
121541
73916
67833
80249
61749
47708
55666
35000
79374
112457
76083
43208
132791
58250
48292
55708
62957
87624
56916
54375
66541
299332
289373
56333
60999
70582
328581
161624
106083
113207
70999
100124
120790
103291
112416
84291
81583
62708
49916
147041
83833
59083
51292
54000
58208
63041
42167
46583
44750
62375
48583
46458
68708
77749
50291
52166
46500
49583
67667
52875
110708
73624
51916
86833
46083
72917
43125
50333
79332
80875
58625
47874
50125
43291
306831
734579
163290
196331
396456
70874
52250
55833
166665
106624
1161575
2677231
51707
72458
53458
49167
60166
61541
148666
108416
116249
94124
45583
57542
53499
105666
52333
59124
52166
69375
54042
43583
36375
49791
45833
91832
55875
56749
50916
161249
269373
129666
68958
61624
498914
93541
63916
53000
118166
440997
64499
186749
113666
306373
75208
59875
46833
51542
44875
117416
89541
129666
684370
113457
319957
1157200
463288
147041
57083
42917
36791
51917
45874
170624
242956
171083
204291
965410
622787
111124
168832
264164
235832
684496
405414
263207
138874
198707
216123
983826
145332
618954
143083
65582
54583
219290
116832
226915
63708
217499
57791
71541
375081
207623
159416
839202
922660
414872
151790
250540
450580
154999
65083
123291
270498
518497
135915
88208
78333
70749
43124
32416
46874
41125
50833
46416
102458
70541
63458
45333
55625
44750
57041
70333
54875
90541
64874
84791
48500
59458
51000
51708
56125
59666
56166
65999
46417
80583
52833
59500
45291
63083
430247
64958
51749
67833
56167
48083
50166
438914
57375
63083
75958
274081
115749
121875
2057527
634996
147082
68708
45667
39584
632078
104166
1110576
364873
657663
241915
67791
47875
330623
108208
228373
159249
218457
105791
215165
141583
298623
81291
151208
113499
84666
43458
75833
50041
155707
145499
1301990
267165
75333
60208
217623
97624
152249
164333
73583
60874
230457
127208
128666
383498
67124
306498
276748
144915
193207
1593530
66083
39334
44750
44416
109124
99499
46374
68458
68916
47625
68708
42458
48458
67416
41583
64874
67000
42875
42250
166124
48500
104749
117666
147791
130082
62292
48125
43083
112541
78875
92749
50458
67541
88250
170915
242498
233248
150499
107291
273998
1117951
110832
150041
411497
122207
350330
108833
352539
216291
192374
193582
475164
394872
104458
70833
342456
59208
100749
82791
56624
60916
53666
69833
57957
69541
224999
177332
203082
642037
94666
48375
50625
57791
101541
269248
125874
105583
109499
187623
166665
803494
157083
374081
225206
280707
231123
466913
274081
117041
715870
210040
326456
155915
269373
76374
71750
117124
563912
189915
190665
164290
82791
298456
160082
159165
55875
58000
76166
97833
77708
77833
85166
79083
92791
73833
92167
75624
88875
90750
46833
79999
83416
114957
86999
67750
75916
69166
109624
75333
80124
148916
55249
88499
68250
87374
70749
81291
64541
66708
70625
43666
70083
56042
58875
63791
82208
72291
66542
74207
76249
58416
47083
63333
54083
53749
69416
63583
59333
48541
63333
310290
40167
50083
66833
53708
55708
42042
45458
35625
57666
53375
58625
49666
70291
69749
43625
45416
38999
63916
80458
70166
57291
60749
56125
65541
37458
50916
103791
85250
48499
48500
54042
67124
51250
86375
57916
45916
63082
55625
55833
49292
66874
154249
49291
74166
50958
59792
44958
44125
59124
81416
145832
48083
53166
73624
68000
43833
55041
52708
42833
50583
55208
60374
57542
48333
44541
86416
60333
63625
57999
63791
69208
71125
49458
53833
60207
69583
45500
55208
60583
62999
69832
65999
55292
92500
90666
97499
66291
77707
53000
61166
62667
115666
62000
46208
57833
70208
73999
60208
50749
49791
95208
74083
59458
223832
55542
47041
44375
69208
69999
63583
93999
60708
45875
51833
63874
59791
59375
55583
73208
52291
52208
58499
74333
71041
94666
46750
51083
49208
49208
83374
45874
46916
49125
62791
92041
68457
82499
74333
73083
59458
58416
45499
52791
68041
52042
49292
48375
78666
72042
66999
64833
55083
54041
96500
67875
70208
58042
60875
54291
48083
49250
209998
78916
71749
72917
50708
67041
60416
57583
51249
65374
62250
69416
42333
60749
68875
48667
54291
49916
54833
40542
68166
82708
82708
67791
51499
56791
58625
63624
64750
41084
52000
62500
75166
55041
145957
62291
78750
50500
70458
74999
43292
85041
81999
56958
61666
73332
49792
51625
45083
56957
71541
103499
89249
96374
60375
84417
85332
132374
72125
48917
64750
67458
48624
78499
54541
71249
82166
91416
82000
66458
97041
60166
72458
90082
73667
131541
58000
54792
120208
84958
112666
56666
44666
66958
57917
42792
63749
68999
64374
66708
68791
49791
79375
53083
68958
49750
74667
54833
62750
46583
180457
59416
88208
114666
424997
62583
107375
53499
68333
64167
52541
75624
107582
66167
61375
55333
82499
112374
109166
65666
97541
94583
59916
64375
65458
63250
94416
64749
51125
53792
99166
83500
60791
52083
58750
43083
46458
59874
48333
46708
55458
91250
107291
60333
100208
64500
83125
50583
49292
47875
81624
50958
87917
109165
63500
55250
222915
56583
54791
87916
86041
67083
66749
55042
67583
71875
58416
97000
80083
63250
70416
51083
82041
101582
53083
130457
65041
86166
52500
57000
72417
66167
60499
99666
61083
79916
64167
47916
45416
47500
80041
54582
55499
64833
49958
64416
53666
63125
77832
48916
63125
47291
59292
76041
59625
43917
51583
50041
126249
108041
93166
112041
87916
80500
109874
55916
78416
41667
47875
66666
87333
77624
58249
69708
85875
60541
74167
63166
92500
62583
69667
83791
68791
44125
67958
48250
79250
72208
50833
61208
58958
47292
87707
82583
74416
58083
72707
56792
67749
51292
64916
44334
89707
58625
79249
60667
94583
135749
66208
74124
59041
58833
80999
52333
54500
185374
86958
79541
52292
69000
79166
60250
60083
158207
67083
75000
122458
98875
174374
127041
77791
79957
68833
95291
63917
89541
85374
72582
53916
62583
82208
68166
47624
59958
85458
68291
50500
118749
72958
68166
69541
63458
85666
58666
44666
60791
84750
56458
55333
48875
87624
65583
66375
57417
120290
53125
55083
68416
46500
95332
70749
51542
134624
66291
59375
87457
91749
62083
62583
60707
43083
70416
75958
82208
85874
65291
67291
92708
63458
48624
67166
53333
45958
55250
68708
45166
45167
116166
44708
66458
45541
53333
78124
59333
99458
72792
49208
51125
63833
57458
46791
49833
44125
76416
79750
71416
47875
55667
85874
60541
51999
40083
254456
573371
73292
70041
80291
71541
72083
52833
59041
51833
41499
39625
71833
145749
49375
105916
97000
75291
130374
50750
65416
85166
51374
70041
84083
58083
100874
54791
57083
42583
67541
51250
74458
49416
50958
72583
69541
67249
44958
91208
50708
49708
58166
91499
50625
45833
62416
65208
48917
76708
51958
59124
63208
105749
57750
60417
46249
62874
48417
51416
54125
50041
60458
56250
45333
42499
52417
62333
42166
49208
51833
62041
59208
65666
46625
47624
76208
58958
92291
51542
51542
36291
83207
92625
140207
76416
110916
87333
72124
64416
94291
155665
69291
109582
70708
67583
87291
77582
53958
65917
55332
60708
106541
63750
55542
48708
55625
59833
66458
81583
74666
50499
53667
50208
52042
49041
110041
66707
55542
66708
141999
84375
47708
48417
64958
55208
55000
50999
68749
44625
47958
119999
59667
122916
72707
105874
110291
86375
50875
100083
75624
77291
130624
69333
71500
112999
113957
83041
71999
83333
130333
64791
163166
93916
119916
65916
139999
87249
65166
94708
105541
71958
45416
54791
78874
80666
79416
94166
75124
102624
87166
90707
78166
100458
61250
55874
63791
77208
55041
55083
103708
59458
56708
52208
88041
80917
56708
100833
112916
69917
76583
56292
146332
82458
59833
77749
74749
78708
83042
89583
70000
119624
78583
50833
64625
66416
82750
56333
93791
107791
118833
118374
75416
100832
82541
96457
100124
110124
88874
133790
49542
77041
113083
74916
61292
59125
53042
74333
49250
105749
133541
72541
87500
95874
77625
68708
108583
80833
57041
66250
71416
82500
110333
83124
66542
67541
72916
84500
58041
134415
76291
69000
67083
106958
72999
77833
160874
78542
65708
91875
79124
76583
81333
64416
76291
104458
95208
65625
80166
118791
77542
64708
72166
64375
64625
57541
189457
71041
133999
81875
110999
94832
121999
91249
120416
83125
105166
66042
109166
106583
77625
43208
67417
74208
48208
102416
109541
138708
133207
65541
128457
77417
63375
125583
97083
55791
53833
54916
126040
124749
67458
130291
108375
128416
84291
64208
115916
103207
118750
69374
45333
82708
84999
116582
96083
76541
75583
67916
68666
73791
88374
91749
67457
69749
91708
80707
102916
79541
86083
98208
78833
91541
78166
90374
89333
83791
66416
82958
106957
75208
69124
106124
97832
63291
61208
83707
74791
75208
73291
81291
68582
44708
63916
69749
49208
190582
79999
46416
119624
77250
76999
48250
105583
87541
76499
83958
72292
81124
43500
43124
42208
124833
72583
71874
87041
239956
4631051
204457
181749
202707
137999
508871
364581
160498
189082
566121
667328
348415
891618
172207
301873
3066895
150957
122874
5224964
118957
156666
129666
82416
126541
409664
82583
90291
39958
38792
60458
82625
77042
57000
129166
103499
151208
67833
55749
88874
72916
70041
56874
54833
60582
64916
76582
81208
98916
63583
43416
59625
64458
45083
72874
63625
75333
70749
102707
44542
55541
119832
80125
47875
126249
54416
56041
53417
42916
57083
74167
46916
60332
56916
40625
44750
44958
43500
36333
106333
47124
59500
65041
56541
43667
68208
48333
47833
80958
65458
49958
67833
66583
63875
62458
60291
55124
59791
57583
91666
51666
74833
97082
75541
68957
92916
71583
107624
66583
79207
73166
69166
65457
47416
54249
96416
54958
47666
51208
72874
45708
118499
90958
138374
68333
99166
63708
62542
43499
85124
62083
63917
44375
56458
47958
77958
64958
45583
96707
59708
39708
77708
72333
44125
124166
63125
61666
256332
124749
111249
364330
271707
619204
178791
149207
193415
95791
180207
243165
169249
136999
340414
132666
129332
143374
391831
210832
752536
1116034
216457
189749
360331
1226075
114916
153540
105458
67666
61291
45375
119874
70916
63999
84249
73624
52042
42541
37542
77541
48167
70667
70541
62541
1022118
358331
48000
49000
67958
45958
58916
54708
62083
98041
64666
53916
61291
145541
64333
98416
52374
64708
109999
76958
51833
126708
52291
101958
54167
84624
54083
130290
93874
48166
43959
90582
92750
52250
99249
41333
48792
75791
69041
60292
112582
127082
125374
60542
127874
56583
111583
61666
125916
105832
73207
119249
119790
65166
67666
64167
132332
77708
95041
84958
87791
69291
54250
67125
50125
46916
46292
60499
59250
73708
59707
65499
85499
114707
49125
67666
62333
63916
66250
75041
53499
43333
109916
89749
76250
86833
92208
49708
74208
123124
199666
74916
76083
121207
48999
121624
67708
108250
114541
119124
88332
106333
88791
78749
58583
63958
56083
59999
46958
134249
72666
49125
77666
68208
70208
51833
60457
80250
330373
208081
536788
257581
137707
560204
253831
191332
264290
160582
193832
5456045
100124
86583
72708
89625
63708
72916
45583
46625
35458
40625
86708
65791
60750
68708
65833
42833
116874
58458
65833
49291
80666
52458
62041
61208
50667
135541
74249
43917
65250
57708
98541
53958
215791
233749
181915
260414
2507524
66792
306081
109624
200291
467789
319123
257457
216790
218790
232415
632371
167666
132416
95749
243956
183749
511205
617913
243706
648079
206415
949452
258957
189957
1489198
1323199
225665
498788
188790
197665
433788
149833
83666
255373
1026576
271915
428205
2090777
726328
740953
383706
206165
603413
182416
113665
290873
233582
738994
511580
257248
217957
950452
197040
206706
449456
2134735
404956
864452
377997
236415
203123
325789
308331
618079
177332
169749
431163
454788
791828
249499
364039
3857139
147541
333956
287665
207957
247332
340498
568954
122332
1418199
933160
197041
990327
655328
1943570
178291
69167
110458
113875
550621
164916
104083
224623
993659
3287935
4248137
1106617
468039
1073242
87041
1321865
56167
2911480
53958
775828
3093561
1569864
710495
2174485
48458
1805821
1841196
962243
465788
804536
66624
3141853
47874
58624
2305525
1333241
554871
1297574
116457
59874
51333
372622
1479323
51625
571620
905202
1291949
2752689
63625
66749
175541
2693981
1832570
90625
183665
881494
37459
503997
1867487
62958
936994
1567198
1808904
792328
97583
104249
114625
55499
48167
1564489
884285
1167950
69583
2148568
563954
261206
366705
377914
321081
46541
84124
256582
1151950
44166
272831
146374
237915
50083
446788
56375
41499
35083
41291
39708
36042
35374
82375
50583
52624
85708
56166
46666
69541
42666
50916
105624
44083
54250
57333
71207
54916
43333
72666
57874
54208
47833
60041
52583
52999
51042
48917
44583
127958
66207
51708
43916
37333
46500
49125
59750
47874
50375
51083
53499
55249
42624
43500
52708
54666
114208
52916
58625
45750
52833
62125
51333
46750
84458
169041
108500
104624
77416
69000
61375
83791
79208
53667
55708
73333
42624
43750
50750
80791
53583
74750
70500
67333
43458
45667
72708
76499
63124
66291
70083
72625
76999
67375
65374
62875
70541
54750
49708
58583
112499
48624
56708
77458
48208
103707
52208
48166
100458
87791
48917
42749
47708
55417
60624
43583
57041
43792
54083
56250
63624
60125
57333
81541
42292
46958
42749
45167
63250
47541
62458
50374
47375
47499
43541
42792
44791
57833
46624
43958
91291
56458
87749
49375
65166
64791
105500
45542
45875
57708
138249
67291
54458
50458
287790
411080
228415
805120
259582
690120
466330
358831
484997
502580
340498
115124
148708
1199908
218624
321706
343206
352164
127249
52916
135374
189291
136999
92541
60041
69083
67791
81833
59750
69083
50667
70875
135207
120249
112249
68333
52875
43750
58041
45416
58124
46958
59375
45041
72749
54208
42875
81041
62832
94749
68166
48542
75666
63708
41125
135666
54041
59916
52208
72791
46042
66416
103541
62874
108916
105208
56708
71875
66624
58374
52875
54999
68791
58875
65791
126582
159499
50041
62541
62541
107124
60958
115833
52333
111957
80583
120458
104291
64416
53042
90916
64208
53875
66708
64749
64833
72500
80208
85791
142499
57583
62124
53083
67833
89583
82041
71166
67583
62333
52958
50916
64958
81749
54916
58583
76791
42916
45833
81125
62458
93291
89208
66374
73749
48500
47166
47791
87083
79874
53207
69875
57374
77416
60375
50041
46333
124707
59333
36917
53541
65541
40708
57416
53208
45208
43166
55124
48375
47249
49917
59542
80875
57291
52083
59000
98166
64416
58458
124165
58458
55125
74666
67249
109208
53500
59541
57208
49999
59666
48375
56083
42125
46083
48499
97458
109916
89791
58999
46291
54749
83291
51583
51458
52541
59124
49541
45750
47583
54666
53417
60000
83541
40167
68167
46875
64624
58958
45208
39208
52750
59500
60750
57541
56167
42791
38750
71333
48375
50792
50583
57624
42000
38583
56541
73416
44458
57082
53583
47916
42916
47541
58916
43041
47833
38917
52624
48708
48500
36083
48500
50833
45458
44333
55000
48167
48625
52667
59416
46917
53166
67541
106249
73541
49125
72583
46500
53083
59874
55833
86583
54041
71791
60708
43083
56124
49333
58208
47167
40250
57541
43375
40042
51167
47250
47291
63333
78833
117291
71041
47291
58999
44291
52083
74708
59250
57000
54250
59499
43708
60499
65916
42999
58707
43875
63458
47708
43791
92374
69958
59625
41833
69832
108500
1249492
116291
132458
299498
549330
151041
69749
69749
55208
64374
169957
149582
439497
51375
46083
56833
66208
69791
62666
165499
1657988
1793612
65458
1287616
44708
45041
54000
128124
65083
55166
46750
53124
219540
151832
102249
294498
121249
168332
154874
106833
794578
156291
967327
120291
191582
161124
184374
152999
1928903
156249
137166
137999
459871
162790
262956
144374
250331
1568781
112124
274040
439122
144957
174540
8199068
85833
73417
204040
199290
49416
45249
51332
460830
113166
316790
90499
378164
153457
1591948
121749
409997
81416
119165
246957
59958
73125
64999
188665
126541
309248
78083
205499
78249
186373
317832
256748
172999
232540
319540
132708
350914
171707
2845814
112333
184957
115499
150374
335247
830078
268664
132166
157124
411913
1621697
185666
263748
386539
92832
365748
147957
96416
124957
226290
281706
580537
228415
304581
147083
1239491
582162
439789
2085235
97124
60625
52916
854869
763078
56582
98083
164874
142916
263706
396747
577830
423414
115582
347164
68082
45834
60041
45125
207498
704079
214457
234248
63124
47958
56666
460997
84957
329581
114957
217957
106791
875411
117291
554163
140333
731578
241915
51875
63249
368997
191916
95082
1051826
155790
1438739
914118
223582
257457
552830
176916
204499
306498
158582
122416
300581
80125
46750
240832
286081
63374
46375
59708
124541
127791
617245
67208
58542
55917
52249
44291
52416
64083
51541
210749
88916
574746
124207
71625
527413
157790
55708
65458
47208
676329
64042
57333
57541
48042
148582
65250
75666
57582
70999
46416
60583
233874
844869
393080
173666
162207
2224735
117749
753411
178748
94541
112416
61875
441038
141290
553663
244415
406789
118791
179291
122166
495413
223873
486289
132374
186957
72416
49125
51333
436330
87832
429789
916160
4320178
152333
155790
1055743
58125
59625
211540
193832
416747
111249
236290
57208
48000
620537
151791
408956
47583
56291
46749
58125
46542
691828
505788
190582
128499
1000785
484663
219832
501871
248623
163582
278456
158749
229082
154249
232124
1683905
307581
307706
69082
54958
184874
416956
126499
74124
57499
150457
107082
276706
141166
495747
811203
658787
320914
51750
269123
225581
53833
66416
265498
179791
79083
45291
283790
56999
53041
199207
109707
137041
606788
123707
593954
63083
145457
77583
59458
49708
272290
355748
408456
57166
45500
338997
1808154
350039
64041
46166
68625
116708
96041
545788
57249
229707
101749
46666
43833
700912
510121
79041
353706
675287
725828
74707
67291
62208
223582
200540
179791
199040
2731273
142166
475789
82916
59125
280498
625621
105499
134082
684704
69124
54083
86916
491163
450872
56666
89083
64917
103791
278206
159707
127374
169416
770869
1074742
242415
165123
100582
77041
144291
56583
63291
109666
46499
635287
124125
178332
1508781
106499
79125
46083
225665
229582
152540
163957
295748
182999
240915
148208
116124
168082
464496
153874
138207
217706
143291
1199075
99583
213081
277123
160207
974452
3060562
178332
590996
161540
182040
77750
48875
123749
884078
183415
212040
59916
366789
128374
148790
209040
147916
86666
59583
121291
97083
64958
226082
66208
58708
54249
49417
61249
54499
77375
60874
427247
43708
94083
70249
59958
169582
323373
833286
252457
170873
404539
78875
683662
65917
96583
63458
47667
285832
266748
1689779
156666
388956
174791
410289
858952
225832
1080410
187665
126540
320706
68250
51124
956910
1208408
74958
77374
58292
428413
327789
108375
1521489
344456
70250
46874
58457
314290
102291
115791
240581
583454
585954
114041
308789
137540
174041
172040
569329
216957
221124
158332
1372865
153416
274373
414205
164332
195416
117166
1096492
172290
158166
367956
513996
53083
174374
281207
174374
70542
236498
159874
475496
63416
47833
64625
823494
558871
387331
295040
142958
148041
924160
261249
296789
908826
596829
352373
61374
50500
48542
52208
139832
2060569
52083
54083
383080
643120
66375
159123
201957
63791
48333
50333
105957
278706
505539
156249
191874
305914
477913
158332
62958
195415
540455
401039
112707
57332
61749
152457
317581
403289
72708
53083
306373
101374
989993
47416
107124
188915
166166
428622
146541
122957
234999
751203
94374
177665
600371
509329
257331
335040
67166
52208
59250
934660
670412
1266074
414705
285040
60500
2532566
43874
44875
87082
57875
49666
395789
271081
164541
129499
137207
1649280
56500
1228825
87541
110124
83582
96833
53416
52124
43416
59041
48041
88416
59791
63000
66874
52416
56166
67291
50750
61666
60124
55541
59916
51708
47041
48875
77499
60875
43874
44917
51458
60749
50249
43750
127666
231123
715786
1702529
41833
52375
599663
1237033
111208
160082
265165
200165
659120
84666
59666
72749
114790
188999
114291
99208
59166
76500
87708
84666
104375
79333
62666
95541
79541
86250
88750
101916
59375
77624
67207
112041
58833
75458
40125
74249
60041
44417
74083
71791
68375
53083
59000
58416
71249
56666
54999
49875
51916
62916
75125
88166
69624
88249
103374
93957
80041
51875
42166
49167
68916
40416
45875
51458
41208
99332
63542
66500
61208
61333
41958
39042
63625
50416
56958
53208
64041
64874
92916
39749
77833
59958
51874
46458
64583
52208
42708
41541
54833
45749
57083
41833
54707
64333
69875
62750
50041
34083
73375
44875
46375
55708
49624
49750
147082
71958
59499
59541
46333
56667
41916
141374
64374
43292
64166
71916
59749
55583
53750
78958
97875
559704
44125
45458
79833
79375
72666
48750
49083
52374
73208
47458
55541
51166
52083
49833
59083
49416
57708
41750
59416
53249
42124
52125
51249
48625
43916
42791
89291
93666
78958
82958
45958
61625
45000
56958
69666
60875
54624
47916
43458
49749
43874
60041
59791
64291
52208
75208
46458
60333
55208
58416
54833
166707
81708
36750
52833
84041
79249
70625
81250
85167
77416
56374
46417
56292
74083
83999
79749
38958
60916
58624
51958
51292
69375
39791
47417
72707
46499
49875
47791
49666
52791
48499
46374
53417
45666
76958
63750
72416
47291
55667
59125
126165
44167
49541
165166
63792
50458
51375
56666
60083
44208
51125
46833
40791
45791
49583
50708
70042
103125
82125
74666
73124
66124
78250
49917
68875
39000
72624
57875
36250
43208
58749
41500
65166
43166
59416
47375
40166
73917
47083
53833
59541
143791
48667
58625
45958
46416
53083
53291
42667
52958
63083
47708
50541
106666
71249
46875
61000
55500
114457
75791
78333
72791
48125
65375
69333
76500
73166
36999
80708
64457
82166
75499
103624
90874
90708
129207
66124
48416
58749
91416
53999
55833
85207
75249
69750
73208
111166
65624
84125
54958
63749
51666
53249
60458
45458
52083
45708
52833
64375
56333
58833
73958
66499
77541
85916
84082
75958
62958
90041
73041
60541
62291
71416
79999
54791
36625
43500
43625
46958
42499
60083
66416
112415
42625
62166
103124
49042
47624
66833
67333
98708
72458
47291
48000
130374
68000
58833
85583
70499
86041
113500
74916
60917
57416
57250
81583
70708
73457
87666
57249
59166
57875
55083
61166
67625
63583
46625
68749
49125
77333
78375
54999
57625
48083
53667
54958
57500
45041
45750
80332
69499
63250
67500
48208
54624
45958
40417
60083
45500
63624
57749
44583
45625
48792
46083
48417
57166
57541
51916
50250
54083
47000
47499
49333
43083
47625
50875
63499
50458
34416
47041
53833
53249
47916
54125
57708
75083
50458
72125
67124
60208
58333
76624
59708
68917
57874
47958
50332
63749
41291
62249
50250
58375
46916
42875
51917
43666
46083
44041
38333
43458
45625
46541
59625
47208
55208
46833
51666
54916
80166
63167
58833
46416
94166
70458
52708
49124
60375
62041
37042
52833
47458
54458
58792
54166
44499
49291
51458
53583
42625
51458
50624
53833
45542
57958
45791
49208
45458
50458
63583
45541
42541
65375
45541
70625
56791
40791
57208
50708
55333
48249
60500
50417
40750
52249
68000
44500
51292
60124
42333
52833
49166
57500
48249
113000
53833
51417
48458
50041
52208
56583
44874
48666
53500
90375
55624
39291
62958
84874
44291
46042
52124
50125
54999
57375
43208
57083
47250
102249
83041
44666
55333
53625
87499
45458
45042
43000
63707
41500
200748
77749
65541
41167
156291
66166
68874
55583
74791
53416
60166
68708
75458
43458
55249
46541
46000
181290
120665
181998
132374
172082
118541
164333
117249
332248
109832
408122
185748
114083
478330
145166
224373
141374
1282282
135540
87082
158666
102791
172998
82625
286748
150332
2499941
86124
369914
95583
729787
92749
61333
45958
756328
233332
61042
61083
43041
240040
80250
70583
288248
268957
69125
49458
47292
139416
109625
164999
125457
152082
116291
213707
119583
365289
120499
98124
111416
207790
126499
101916
181332
118083
111082
295998
154999
130166
176874
118082
127791
171707
193873
174457
103499
185416
492788
417539
105707
186832
118833
304039
147207
226165
153541
337414
105624
378497
379122
118041
265915
111457
225124
366914
151957
144874
224540
141707
298457
130041
217124
319081
731995
182623
314414
147416
279040
155832
175041
234123
2001319
892036
412539
99499
140457
186374
162083
114582
125833
275414
161749
144166
353747
169498
119249
200040
103166
293623
119416
325748
152791
199124
143082
284831
193749
166415
113374
155207
150666
956993
104250
47166
138749
265249
111832
104041
200290
545538
92166
158457
175041
186915
146249
93249
160291
713079
463747
88667
107208
186040
401789
293165
152291
191457
119041
639788
127625
174458
197332
1136575
104791
227123
117291
133582
151749
202707
410455
192166
364414
213666
179790
352289
145458
254665
212207
174915
244332
284165
941785
398288
226123
192249
111499
1074076
145541
147499
134416
54124
44583
45374
54625
67208
58458
145082
65832
46958
81791
55583
47125
63124
53875
77166
58791
54124
57749
56000
61041
73083
39791
52375
76832
48041
72416
46583
59999
234666
56500
57333
75125
168832
82166
419623
113749
151874
165582
2161860
71000
64292
151082
143124
75124
46792
215541
119707
75499
1290782
101624
227165
55333
57791
63708
64833
60166
72041
68791
52041
60083
60541
45875
57958
45917
48541
57541
51792
52374
79125
49000
66249
58291
90333
63583
51749
55416
119249
52875
58958
57625
58250
52916
46375
47458
55667
53041
61583
48042
66458
57333
54166
58499
45541
815453
127916
574580
121041
336040
100916
198707
344498
54249
79499
85083
47250
80499
93874
65375
95291
67249
60916
54749
55667
50708
53167
52583
82958
47916
61416
41583
45708
74750
59749
50208
45667
56458
58624
57583
58374
57375
45625
40375
43125
50916
44667
53375
45916
74749
44667
44708
92166
61583
91666
93458
69082
91582
93000
54750
51999
89875
77124
51500
131499
75917
75958
84583
80874
106999
60208
68624
51917
134041
72624
59417
128124
41374
94333
74457
84958
78999
67166
118708
78458
58958
82666
73458
73958
86458
59249
95166
53458
65083
49958
65083
82416
98458
54041
62625
50333
50666
65499
82000
89416
79249
46791
52416
73375
74666
71667
56458
51499
50500
83374
79916
55499
125790
97499
158165
53625
63874
53583
58625
55333
67875
53875
72666
56666
52208
65791
42166
61249
42250
43083
54792
71666
53708
107499
56041
65166
87666
96583
58582
49249
75250
56250
156207
63916
56916
60833
58999
63458
58833
51000
74375
56958
44041
59750
49625
41958
54208
55500
48250
50375
58249
53416
55208
67666
39124
43624
56583
50500
74333
50458
79416
66833
43499
65500
55375
113500
80458
49333
41667
46167
41792
97083
55250
42375
46249
51749
57625
49833
69833
63083
43458
41166
52624
52708
50500
72166
54791
48166
48083
57250
56958
49333
55541
58749
43208
76458
72833
58499
42375
34750
54958
89791
49999
48208
43125
54583
47917
47583
50458
52208
51750
102958
49292
55666
43459
88666
44875
53375
67416
44458
48250
59833
38292
54250
40000
58874
44208
42666
52583
52541
53833
59374
66583
92083
62416
190498
68333
57833
57583
45083
49166
53291
48999
40874
46416
56458
65167
43583
59750
51958
49166
51833
56541
43249
45958
133083
64292
62083
50208
45875
43749
50791
55999
48499
40542
97708
51083
63667
47416
42458
47000
42167
58832
58708
43292
56416
47041
51666
129000
63291
43249
72416
63166
80457
56166
47000
56000
66208
55916
50791
42250
42666
48125
42792
52250
55750
62208
55750
57708
48667
52166
58083
282873
208832
103208
391997
194041
63249
97374
80333
207415
115041
264414
553246
170791
206582
146915
332539
231957
125332
125832
52791
45166
43916
44916
53125
40792
61541
52083
46542
50208
53917
50416
56250
49417
49916
56583
37416
52875
57666
78791
58958
57583
38583
59749
47958
51333
46292
48583
167082
82083
51583
48167
37958
228123
113957
105000
201707
125749
142041
835869
535038
73582
49792
94083
98082
45917
106166
173957
888702
60500
142207
44291
44708
80833
61625
37583
62999
110958
51333
56250
47875
77041
54124
51208
51791
60541
49958
54375
34874
43666
54124
48750
46791
393663
1899404
67166
61167
268331
87624
137499
912036
96583
141624
365539
615912
131624
1098284
796286
344873
181582
114958
513913
165915
227832
478080
74875
199207
107791
137582
759286
99666
132916
108541
87041
117790
95416
55500
47874
39583
71291
75791
78458
55458
48458
56458
39333
48957
36625
57375
48500
57917
69583
50042
46958
47166
55666
65458
43375
45958
67458
52458
45042
43708
55583
53166
45458
44458
55125
47625
43792
47916
59874
41291
91374
42250
58542
48666
53666
84500
60333
869619
139540
203998
128916
123458
97333
69333
46999
88582
75791
53166
46583
65250
91791
77791
52875
45541
42208
60750
71624
67500
69291
61416
54041
73291
53249
50708
58291
48708
57625
62666
52083
48458
63124
59874
52791
50250
80792
61500
67207
54875
95750
73249
52500
61541
60125
43625
42000
38041
91249
60458
111833
54208
49208
43917
54708
67000
71791
48292
47791
52791
39167
44833
42500
48708
48292
43042
46791
48958
53166
44416
66917
48916
55457
45792
61250
52500
46749
45750
46791
44917
66874
44291
49624
47541
46625
38042
83250
45958
93791
48458
40083
57499
44750
70416
48875
53083
43292
46874
42833
54208
80207
53041
67250
115833
44708
40333
131040
54958
73291
69542
60958
77666
84999
74333
47625
64125
47958
77541
43749
50458
52416
46083
64458
61583
152166
71541
90207
69958
54583
46958
40917
49791
49499
54541
51750
38083
47874
49292
52624
45541
52208
53583
58708
37875
60042
53333
47375
54333
43667
94041
59375
112583
92374
57291
60125
67166
46958
52583
61916
47833
67374
45208
43124
64000
61583
65416
57416
68999
56458
72541
44583
44791
38125
69750
73916
107707
72125
57583
69000
45041
58625
46624
48416
126666
66249
78041
45917
48458
91749
49417
91000
98291
102999
52124
93541
96416
104458
118249
49792
50292
49500
82208
93791
72832
64958
95374
100124
157374
51500
71333
147790
116374
63708
57749
87583
67208
65000
57999
86499
78666
78708
70541
72167
63416
59999
87333
58625
87624
98624
63583
67917
68958
44833
66125
97583
74333
69167
101041
58541
54916
51749
79124
90958
61541
88541
46291
100416
60917
56416
81708
82375
81249
84374
75541
88708
80833
43292
49958
58958
60499
95999
49625
55833
51416
54916
49958
49042
84291
65499
78166
44916
49458
51916
50291
45000
47583
45208
55999
58999
64625
67041
95374
62541
46375
46666
57625
47791
61999
56708
71500
89208
71250
54000
57416
113333
55375
49708
52041
76958
68958
56291
47624
41541
38958
47083
66000
65749
55207
56791
62000
70749
59374
40583
68833
45875
77541
58958
42208
59416
115958
488580
126791
124707
257206
105125
83374
75624
63291
81374
75749
81874
77792
55375
50458
69833
48333
49458
75833
59292
43292
44916
58499
52875
56333
54833
51708
53708
47041
49666
49250
61916
54333
62625
45625
36917
65708
65583
54333
45708
55999
54083
55708
44458
46291
45667
52124
39042
51583
43541
44208
43624
54417
55208
56083
297915
163998
103124
46208
158916
115041
234165
109583
198290
104874
109208
99625
61708
58166
67333
62874
66916
61750
45917
49791
49041
71166
54833
58791
36083
45417
50666
49958
47000
52166
70957
51958
55458
58958
69041
54791
164374
157374
57583
83708
98208
112166
63167
47708
48958
62667
53416
48667
65833
49750
44917
41583
44292
317206
80250
88291
76582
79499
78833
133708
54666
61083
48291
48375
46750
50833
72625
70708
58124
58167
58458
59333
42083
53333
60833
56958
47333
155457
48333
65542
59166
56458
57833
44750
59333
46792
50042
56583
102791
79499
81791
96416
62208
52750
55167
48125
43666
43625
43583
44541
67041
46749
49083
46875
58458
44583
134000
56000
61916
45916
98625
58791
46500
48875
42499
43625
323331
147291
131374
103832
241415
57999
74291
107874
89874
175874
130958
196498
169457
155790
228082
232707
300915
721203
1115950
621745
381539
55708
145999
121082
126916
117749
425789
106583
182291
188124
389872
154708
495622
327789
404997
130707
113083
515288
300373
101750
119249
556162
446747
90458
555663
128749
804744
753162
307497
531205
110625
93541
103999
123749
228165
152123
79916
131583
313456
532205
112333
192082
311165
129416
102458
135958
218123
162957
152082
165124
108041
233706
105041
165583
159457
206457
132458
139832
181415
1250866
413247
99208
276040
93208
91458
119000
215499
122457
207290
88208
432997
181040
236957
207040
250290
214290
132249
85750
546621
291998
107166
90416
572079
199373
150498
133874
189624
764453
355789
262290
308414
210623
116458
712662
140332
287623
1725488
206623
117333
187374
262040
92749
179415
53791
68375
113333
258289
173749
160207
122457
146165
200291
147082
189165
3834848
129457
342456
115624
163540
112416
134874
56500
60541
73833
103791
45042
112041
51542
33375
39624
88458
38749
42874
32333
31583
56416
46541
47624
53000
39000
78291
44417
48791
50958
65042
40416
46542
51916
69666
44666
62792
48833
212040
70000
76541
60875
56333
59291
47708
66625
81291
59375
50041
51291
43875
69332
58583
44666
82582
48833
50249
58458
127374
130083
185666
112249
791162
223332
96958
100541
81916
78791
66458
78916
85583
56542
51416
56791
58291
66333
95416
74208
43833
52791
120083
59875
58416
57291
133416
141624
69416
42667
51000
75625
51458
71708
66708
54542
60083
42667
69916
59333
42792
68208
51750
62958
100707
48083
54208
47292
73291
67832
60375
51000
66166
127082
85374
151374
86916
53333
55541
39875
83958
85999
89082
88499
90374
61916
50167
46041
50666
74916
68833
41333
64083
74833
95166
63624
71750
52291
79499
68457
71374
46791
66125
45916
42833
62375
49666
82375
83875
60166
44958
41749
38792
44000
42292
52000
47917
45666
52583
50249
37833
51166
83791
42749
56416
40208
40333
53541
111374
92791
56250
84333
56333
47875
45375
54624
67207
70417
90916
51542
61416
44125
63417
52666
81541
58041
47458
64749
106625
58250
61708
60666
73250
114041
54541
82957
52000
64416
43624
110249
98416
94208
61292
62166
77458
121875
63708
57708
56333
48333
61958
61749
72166
103416
76749
76666
86458
69208
118916
81374
51875
44750
56958
68833
68833
58291
50541
95625
63583
60375
44208
39458
55958
76166
77125
49333
45125
59707
42416
55833
54333
59041
58792
80875
53833
65917
75167
44041
48083
50874
37792
44250
72624
44292
71666
52000
53250
47791
54833
59666
45541
53500
64166
61833
55250
45583
54791
48916
45916
45499
58666
55541
44624
73749
77792
88542
117291
107208
153499
1055201
56041
205499
103624
312498
54499
69249
206041
58625
101166
54208
83708
46500
54208
60250
45583
46708
57125
65541
55500
72625
103625
165499
63583
56166
48083
45833
67208
63250
50374
64333
77208
63457
49083
61666
73666
48417
72791
53249
183999
94416
108375
89916
66958
67499
72000
49875
81832
54249
76458
59000
61208
66416
65791
52166
56958
92999
101457
57583
90249
57541
52583
75499
45333
61333
36875
55791
59125
88999
52083
55500
54500
53250
60250
58041
62249
74458
41958
33584
46291
53042
54917
96541
70416
64375
63041
103041
61791
71791
67833
40500
47375
55583
47250
48249
50958
46375
52292
64625
63833
52499
51749
51750
44333
58583
43291
60625
59250
46416
47292
58833
58250
45125
67083
59666
49874
75125
66458
48667
34083
58083
81125
68916
61333
57333
61999
53417
54667
87916
46958
48624
54708
52083
54666
49708
59250
40542
139415
53792
53833
49083
45708
47249
73500
51500
54583
54208
54333
70333
50583
39625
57541
59250
55125
52541
54874
67082
55749
122208
73083
71167
49791
45458
42750
59457
62958
72874
40875
45375
51791
52166
39375
52333
49166
33916
46375
58208
44541
52500
59208
51500
43208
45583
49958
54374
58124
58416
71833
48083
53791
57375
55291
45375
52749
46374
43749
47666
90957
66249
52917
56791
49500
40958
51833
56249
57458
216623
54000
79166
110458
78875
89041
113499
88541
90833
47874
71207
47042
46791
44166
54250
45999
47458
56083
53041
59458
47333
42041
43292
43500
43583
53625
49166
42041
49958
60499
55832
47624
64458
66374
70874
58750
61082
49916
51249
61541
55416
37999
46583
45041
49083
37041
96582
49750
51583
58291
40291
75792
43166
52833
53708
40834
93249
78667
62708
50874
51083
88000
88624
62916
103583
43167
58083
61458
68666
61792
76499
43333
47458
39958
43708
67374
61916
49250
90458
66708
62916
48250
59666
50833
87666
46333
54833
63375
57333
99666
96083
46708
59208
49166
44833
46083
51958
55125
49958
55708
42041
58041
51333
52625
58000
53124
57166
55458
49916
42083
108540
108041
87291
96499
82083
86374
74666
65000
60833
46583
45249
73541
87124
48250
58375
49750
100999
72333
43625
43541
58083
58750
57042
52958
94582
45208
49542
45041
59624
48124
68375
91249
67792
45542
56625
57583
60416
53125
38416
53375
50875
51625
53916
73666
49374
50541
50916
56958
61583
57667
47875
46124
104041
128332
72000
46583
51000
47208
57583
60708
58083
48750
49416
59958
49958
56083
58542
50958
71416
70375
84166
50541
63292
55791
47791
55583
58542
65916
56416
68375
42459
64333
46166
57792
79499
63958
44749
57458
40458
44499
50708
54458
55166
56541
66792
40000
52541
58791
41499
55125
54792
68125
98333
54708
81625
76541
69416
67292
59041
65124
47874
52416
92166
57125
57374
49667
55792
48958
48250
77541
45041
70750
69208
41500
56417
68124
50583
109082
65541
49916
63458
46958
74457
51166
76458
39083
45375
47041
46708
52249
37458
47125
49083
75541
52125
45833
64208
56375
47291
43666
54875
46249
45041
64541
58291
42041
75416
78457
57833
53041
98124
103582
41708
69416
63333
45208
44333
46750
123291
62750
72000
46875
45583
57458
46125
49333
35833
35917
74333
60958
46041
55250
46833
47167
43125
47249
70000
59667
49374
43500
43083
58541
47375
55708
53499
63624
47708
48833
49958
84125
62083
43666
57666
51207
62500
45625
54208
65583
378289
93374
198707
167833
1646739
54666
96041
156624
69166
51249
46541
99457
88416
88666
95791
71166
107750
97499
124957
105083
57041
68208
88375
101791
49917
59333
119958
57042
75791
104041
65666
95041
62000
74333
82166
55416
84791
58458
55375
60374
51958
117624
1035909
109582
135958
154541
326206
108957
110374
384789
130416
277290
670454
131666
69792
79750
103499
985535
156999
117500
98916
113874
60750
41042
73249
52125
66458
55125
58500
66832
78333
146582
51208
46083
60750
97499
97166
50917
54749
49666
62166
63708
48541
57375
54792
44625
64000
47333
76957
66166
55333
56042
60082
109666
143457
132749
577954
106915
148832
189457
171665
108999
263248
176499
116582
187207
120707
208207
158999
330373
166791
126041
70125
47333
47875
45625
85166
55332
180040
55750
84708
49791
69458
49750
65708
58208
73625
74792
57833
83791
54291
48250
68166
62041
44875
54374
51791
34541
50625
58208
50374
64708
101624
42333
59958
50583
62791
56458
59624
58874
585537
345665
230540
1632113
129332
94874
82625
260165
178416
87374
106374
102875
1841279
205915
141624
127124
135916
65625
48083
62541
45042
46583
58208
63874
44916
71124
52000
54291
61791
51750
65749
59082
47916
57291
53583
47958
54292
41417
119125
60999
46791
47708
47333
53125
48042
81916
43250
53542
42792
66083
52917
57417
63750
41542
41583
87458
82125
52542
43625
63958
47208
114083
94125
76708
1747404
424955
52999
130207
98832
91791
107875
47625
41833
51792
47916
48083
38542
57833
58250
47333
43541
54124
60541
45125
56500
40416
46291
54416
51749
51541
63499
58250
49125
50708
58375
48292
45124
62250
41791
78791
54583
52999
62500
48958
50833
46583
50333
204248
79916
172707
307748
1034076
81083
272373
127249
1274283
175749
63874
48542
50833
44542
43041
48083
60625
39874
62708
43917
36000
54833
60916
60333
63166
54291
99958
67041
62541
53291
45791
60207
53916
49249
41042
55958
42750
60083
61541
98666
51999
70874
59832
66333
69957
52124
142999
52916
52874
70041
850869
287539
79833
58374
42708
100916
274831
273581
191207
1563948
138707
51042
79207
47708
44541
103624
49624
53707
54833
109416
56875
69958
58625
47250
51583
49749
58083
72208
58625
53417
52666
47708
67542
58916
41750
47833
43458
48124
65000
49833
61458
45874
52208
61666
51958
45458
67749
43249
50750
59833
47666
39249
580787
61375
66666
61708
149874
112707
134041
370081
218624
217874
184915
102707
79416
52499
43125
46333
282207
48333
46166
81208
73750
45792
75208
57416
52833
69000
67125
68250
56125
59833
46917
58083
47333
66333
45541
50583
49917
76833
52666
48958
49624
72416
61999
63375
49374
52000
68957
42666
60041
45416
48250
83207
73041
66124
48916
48125
113166
57708
57791
52624
47083
49083
111041
89958
64708
49166
98583
95540
131291
62250
53041
49208
55833
62125
55333
44624
47208
42999
46416
70083
50833
50999
46791
53333
42042
57958
40875
42249
71125
57791
55250
41542
39458
49333
65750
48083
52291
71208
83208
64875
40666
56916
45708
60833
53708
62291
81832
72832
48166
54666
58541
43458
41833
93833
60166
54124
54875
76875
44083
43749
60708
60208
41499
46416
44250
58541
51792
46458
41208
108249
72333
53707
42958
54166
43083
73750
42958
51333
57833
57041
52666
40500
49541
51916
53916
47999
75207
55750
80791
59667
87124
49624
47000
64458
61042
65708
56625
60333
48417
50291
49875
73916
51708
50958
39791
52583
66708
54458
53791
51208
51250
144874
108875
52583
53208
53833
116333
57458
40333
48708
54041
68499
144874
66416
93166
96583
78124
56249
126832
104707
61250
59833
62458
45791
57832
48542
49833
55666
75708
70208
96166
52375
56167
59000
99124
55208
65999
43500
45750
42917
51916
50416
47958
171873
59208
58042
91541
42292
104041
97999
56041
48958
53667
58833
72916
52500
43375
48750
74916
102540
107083
57333
49666
48583
50708
67707
52666
55583
52874
47208
63124
71500
60124
40208
63250
51875
54625
104958
55500
56000
55624
73041
44125
60208
47666
67916
59833
47583
89458
89500
98083
94166
51208
99124
67041
56625
81041
41958
94708
95874
94500
47374
87458
42750
68541
69999
72208
117499
99415
131957
105249
75208
46250
92124
68208
81874
56292
68792
75000
93082
74375
50125
85917
115541
64583
101457
62499
48375
59416
46333
65792
59042
55875
72207
52458
65333
51291
64208
59833
421247
91791
407455
1364699
88125
87541
137582
408539
146791
124249
176874
158082
181290
198957
222665
579579
98583
88416
177291
103249
226415
92250
1432323
61958
45708
48458
52708
45958
62333
48458
50999
63458
45875
48083
53250
46708
42166
52250
45042
70999
98249
70916
58124
58125
47041
140458
412497
64499
37083
59624
804245
85791
80166
62791
40041
53916
371705
111541
127500
183874
132582
136916
381289
226082
143291
828953
103249
178624
119624
261623
117083
236582
198457
216748
106291
123749
117541
80457
77583
51791
41874
98083
56499
56708
80916
53875
51541
76749
54375
45166
60832
57791
42667
47417
52416
57083
48458
66667
52083
57999
63458
54791
42166
47292
53625
40291
43792
47625
52583
45125
47833
49666
57416
51875
50833
73625
117207
72041
72624
56875
52583
71791
48874
83916
144374
101541
106416
61333
97166
119041
102208
70625
109791
59583
73875
45416
54874
54125
57416
52624
121374
70791
63041
125916
74291
39624
52833
47417
134707
72708
70375
72999
62125
43375
46416
54708
42125
72625
66958
43333
44417
65416
201165
62249
43291
44291
60583
54208
53166
48750
44916
53500
46999
45250
60375
55957
134541
120999
121291
124874
129874
50792
64167
47833
60000
46917
52750
74458
57791
66208
65583
46583
52708
51624
58667
39792
48750
53958
62791
46417
44708
41750
59791
68667
60749
47874
51750
55250
50917
53041
53582
57500
50500
43541
48458
37708
57208
48500
341415
1344449
124457
576080
245956
85791
42958
49083
303373
122041
163457
97583
1097826
120166
103583
88625
65541
46916
48250
58083
89333
94708
74458
60083
43708
59500
52917
41166
45708
62791
64083
48250
43166
37708
45541
52291
146083
57750
66375
54417
85833
52333
75583
44916
57291
71541
60541
78499
65708
69833
48874
120833
62333
46000
45250
48375
47625
46666
64708
73416
49916
54000
37749
52833
64208
46958
65000
53208
50541
47500
40542
198498
63583
52333
43333
95416
58458
68500
63542
46500
44208
80249
55416
73417
43666
52708
63500
66416
62957
49083
66041
54666
67291
54583
65375
52208
107833
49333
50542
72667
55000
65999
66333
65416
56333
41166
54291
47500
53708
51250
60375
149249
84166
43874
42375
55291
195207
52666
62916
55208
185457
139082
104208
155416
188248
166040
114000
352123
167082
215540
474330
651912
103832
166999
108999
253290
153082
205416
218998
114458
113832
118833
183499
116708
1215075
178999
528996
107999
54249
126874
156499
180333
500205
482871
769703
83999
55041
80124
114791
371914
118874
95208
164541
297789
108457
815577
90749
68458
125999
60541
111208
70166
51166
86458
58874
52625
50292
56833
54666
54666
51667
53833
46542
48916
55791
69499
40000
59499
58874
43416
44125
57666
38750
52166
57083
44625
58667
76541
46250
46208
53167
43625
49667
41000
46249
60041
48833
41541
49208
57041
46041
98333
697454
146165
105624
231082
188249
469080
137166
442122
101166
356123
135582
109166
57791
48291
48833
83875
78375
49416
47249
50208
66500
61832
55791
45375
43500
38541
64666
49624
66000
47250
53124
44333
56874
46958
48500
58833
43124
42958
52291
46541
54208
50750
70041
43833
41000
49249
58750
62792
58916
56166
50833
53249
52375
47250
76957
38125
42458
97457
57249
41750
64666
49333
48125
46666
59125
52374
43124
43792
45250
65958
53208
56041
55166
46000
45958
52042
56958
76041
57167
59083
58250
49916
62249
55166
47208
49458
66375
51292
50791
73124
62792
54874
47166
45750
45875
50375
54375
60874
101833
165874
122458
112500
224915
117833
215790
440705
125708
135332
896119
890160
539746
170790
52500
64249
40749
52958
60042
121958
72625
55166
47374
56125
50750
57791
111166
65625
86582
48042
43541
39459
58708
53749
78291
88124
114999
86874
47250
53333
49541
50583
94333
88708
80874
50583
55125
54166
91999
61542
64666
62791
206415
138999
128415
108457
149373
111374
149707
241415
153791
102708
184082
93875
89957
1268241
928868
142874
77207
53499
77667
96249
58958
42375
41624
46499
44500
41167
36208
62332
40791
70458
55292
131707
73416
107749
51458
56749
55833
48167
56499
60041
54041
65416
60125
54667
129666
80374
352455
1263824
122832
373331
62625
117915
107040
100666
123999
478330
186374
135999
152416
467288
217290
233790
176707
96041
90082
49792
51917
95416
119416
101541
48291
55666
74916
58000
72875
46125
36791
56166
55749
43625
52499
55542
55583
50208
64500
49583
102374
54041
83999
58458
50417
44083
42833
57833
45833
75666
46625
52291
48916
104957
47708
57041
50916
52167
60666
49083
60916
39416
84625
64375
70583
57041
49166
49250
45458
54208
49583
74416
42250
42875
61666
57500
49291
43958
85166
54291
52458
44833
46583
52082
54041
46958
54083
44333
44958
53958
73875
64791
50500
57000
53207
56624
50708
46749
52875
43124
60708
40708
56375
52833
50208
56958
42666
137916
53333
47666
59625
43166
56291
117082
97624
86374
289581
125249
117374
131416
337415
313832
116416
111458
236040
2830272
84625
43666
56250
44792
112125
81291
40749
52416
57458
53416
49833
66541
47791
44208
53416
46666
66958
60541
47417
54500
131249
55208
47124
57416
42833
40249
58625
57458
50833
54416
42042
57249
43792
61458
52916
48375
53458
41500
45208
50874
111041
90874
291498
194916
110541
172373
138916
244165
146166
457164
4103596
176998
72416
77958
50250
41458
45625
112499
47250
59958
43958
54042
58833
48208
87457
63166
47167
51208
65083
56125
62499
59583
47458
59999
45375
53500
51749
56625
53541
40583
55833
46541
45583
47208
53208
60958
58458
49042
50666
46250
52833
50750
54958
42458
634662
466746
175166
157707
117207
102958
222123
2403149
177749
42792
55916
38124
118957
47458
45541
43833
42208
59999
43083
56708
43458
56541
47250
46124
68833
43125
41500
58875
47999
43750
49125
42875
53292
41875
46208
48500
56583
46749
58666
39750
45375
52083
173166
195873
123624
889410
722495
560746
75624
58708
47624
1279575
63708
56957
61666
113583
104791
55083
62333
57916
44166
45416
49333
49208
45958
65083
41124
49416
44416
43750
44000
48708
43958
44875
62833
58666
45833
47166
173457
46124
44124
51916
131874
65458
71166
63791
183332
80708
55750
46500
72250
48583
50583
49583
41292
43166
45208
48166
60125
92666
69625
65249
51458
119666
110916
161665
180624
105874
99832
105707
1637739
263956
52250
126665
50208
42042
42958
77666
64374
59500
80458
148665
46792
54375
61624
82291
53249
119291
56624
54291
63833
44208
42042
60000
68083
68375
49833
66375
47292
53583
57166
40750
43958
51666
51374
207582
104541
123457
105666
216999
121333
678995
135083
353497
173749
209582
441872
191165
123208
269956
129040
125249
181374
172458
458497
1825612
113832
47917
54041
42250
49500
53666
50833
48374
45208
55291
58958
43583
44333
49874
49249
57333
43250
48292
63124
60666
54375
52541
240623
108499
83624
47250
42791
54916
54208
58833
60958
43208
48875
52125
48333
44083
47458
139749
59124
125124
112374
322748
187749
126875
312456
106625
544371
101083
92249
1468948
128707
50041
56166
48583
51666
65291
54291
43042
139749
58874
73374
86874
47249
46416
54416
48042
48499
47417
57250
51416
47499
46666
41624
41500
53667
52791
58041
150416
60583
50208
47208
53791
116000
486039
106791
114041
248415
400997
99916
144040
191624
100250
252164
84207
174290
111207
174207
140665
214707
159582
330622
110166
5672085
121249
140958
54583
58874
52500
57583
46166
60375
41833
52166
46458
50250
62708
56749
85125
47749
98625
171832
58041
38791
49333
56083
50833
43917
61375
110040
52458
68458
68708
61750
58083
46666
47375
112374
106457
103708
47666
49875
51083
43292
63500
53542
61625
88166
71666
75832
45833
50375
47250
103666
64125
49208
82917
48041
52124
77874
48249
76874
57500
93708
64708
46624
73750
87666
131874
91583
127291
109541
95791
51999
153791
49999
87166
108958
65791
93499
61167
53874
59208
60708
53541
54208
111499
65250
57624
52624
82333
79708
54624
83249
74749
54333
58791
49166
118957
85333
48000
48792
55374
149832
192457
110916
1001701
41583
44167
51666
122416
123416
133083
66833
64041
74166
58124
61833
59625
59750
49291
60000
39833
44875
61625
56500
56791
37792
138457
74124
59166
50042
49041
66416
54874
52624
48083
370831
106374
105666
205915
96500
140541
298415
217582
148457
302747
552330
517913
195124
126416
340956
114874
221998
209624
885119
764119
1699780
167373
56250
43291
60458
49333
56791
44458
46041
72416
48250
53292
48375
50417
63333
41208
59083
135249
106374
74958
62083
72000
53542
56458
71292
85207
53083
47416
46749
53708
60750
55041
1545405
49583
53874
57000
145999
101665
112666
414705
171916
106041
144041
283998
227832
140415
192207
117499
169166
360831
128833
216374
1084159
105791
104082
48917
49166
50292
47917
48791
99333
69958
52250
71749
60292
63083
60541
48583
60624
60916
59208
48166
52499
151749
54291
45291
54583
53291
50416
57792
43583
41000
65875
55874
46916
48750
54166
185374
61999
554538
101124
57999
148541
46542
102958
114416
185707
120499
118291
114083
225915
391372
145957
313122
262956
236957
851577
65666
43083
37792
59833
94541
39666
51875
47375
48000
50166
84832
52624
121041
52625
52958
54708
122791
118958
143958
59083
49416
59249
47958
59000
50167
41541
63333
56291
46874
61875
75249
149374
64333
52624
55292
71291
38375
53208
52750
49999
106332
161708
70792
52208
56333
68416
60083
48666
56458
112625
113374
189498
1192200
45375
43583
53374
53874
54875
106291
96125
78083
51416
58541
91124
61000
58125
54124
58833
48916
54458
45083
53958
65166
38791
45250
43374
52374
60083
47708
53999
42625
42000
53083
232165
248415
105874
182332
186790
130249
143374
541871
82958
53250
48458
181791
122125
272623
103791
203874
205540
321831
711828
236374
142582
606204
1523531
124707
101375
101791
49750
42417
53374
55458
53625
49333
60166
49291
64583
59208
41042
42791
58749
48542
50541
50124
53416
58000
40208
42208
44208
42708
44791
58291
46499
34000
43791
43874
421372
95375
168457
134166
359164
148249
222540
154999
423997
191415
1197867
435330
108208
149999
91499
550038
68125
44833
43166
43458
46916
111749
52291
66124
103916
47958
48625
65583
49500
83541
103583
139249
61624
60916
58999
41250
43958
60291
37041
47791
61166
56000
53999
52250
51749
61167
49042
59500
40417
43250
67958
43375
56375
57916
49750
228457
204790
191623
105499
188540
149916
140290
131166
301082
191957
915869
180791
63958
127541
107291
88000
385039
100500
148124
71917
56541
57583
77750
142999
74833
57667
74416
64499
49333
56041
49458
51541
51083
58666
41042
45583
125541
42708
44083
38000
52750
41166
45042
46500
90916
48792
41625
50416
52416
57416
52833
48082
52583
59625
53292
47791
51791
45375
47625
44458
70832
54708
49749
57624
71749
48624
46458
45458
112208
51458
46208
47499
72374
45083
62749
58166
70875
60958
91333
85916
71083
61125
46625
50833
126874
69749
52583
66166
58499
44333
37708
44625
49249
55541
45500
53166
55792
60249
65707
50958
54500
58708
56958
60916
52500
58583
165249
99541
49708
61916
57375
48541
67333
77791
54416
81999
200749
60667
49124
70999
57125
109541
41833
39999
43499
147499
48583
46333
54333
49416
53708
62375
53125
60000
46166
62333
47292
52458
46042
64166
54458
54333
47666
62000
55583
57833
38042
52208
39833
63916
57041
48500
61375
122749
47333
58832
49666
49541
42750
58917
41000
415789
43875
53250
210957
213332
137916
168373
101707
198248
290665
134707
140624
544204
3880389
68500
62208
48625
51416
45792
48166
46291
49417
50916
53125
49625
48250
54624
45666
43209
55375
43916
47624
57041
45416
46583
52541
60958
49749
38625
46208
40083
40750
46500
59333
50750
84000
52125
115958
124375
49083
60625
55458
54833
45291
45875
43875
55375
72500
38166
786828
196457
182040
111749
755453
97666
84791
109583
63958
67624
54333
65041
104332
105666
112874
116624
62916
72291
76958
53250
64292
68958
65957
64333
69333
47541
78583
54416
77500
48416
70916
54625
59374
45375
62333
42625
58666
56208
56291
47167
46083
57999
47792
101374
71333
64291
80083
55292
163749
82541
113041
113333
129166
103582
476872
124165
145124
3471934
146333
52208
45125
54833
41417
77250
55249
50500
58125
64958
67292
45291
53875
52583
47666
63333
58375
43791
52958
58541
65499
50250
52624
58583
107749
60249
55124
52874
36375
49000
61124
72583
50750
59916
46833
168499
59208
185582
120374
430872
132416
154583
77082
98791
99458
113999
246207
186082
192749
116416
1547156
58500
55166
48333
47750
46125
49750
43916
83666
60542
47458
61041
57541
45791
39875
64583
54625
54042
44624
59958
51458
60041
51624
53958
44124
68083
57291
61624
57208
70958
58541
68083
58208
89999
62249
67333
44208
65083
48458
53583
51583
153582
168832
192790
104916
192665
232790
110291
143666
153790
313081
249999
223790
234165
250873
144541
1350574
1574614
71707
113708
53291
43874
61874
51750
45958
50374
53583
60666
46792
48999
47083
41999
56083
45833
66499
42416
44333
44625
41374
52916
48792
47708
59374
73999
47375
38833
49250
59542
67041
57499
41542
38749
46624
48750
55291
71207
226415
358414
76541
399581
157749
243332
200415
113583
273290
161333
229249
533330
352289
547372
610371
3035395
59708
43750
80207
42708
109540
50583
61250
51416
53291
53625
47625
60417
41208
81125
45792
71832
58124
52458
58374
46417
41833
50583
42374
53749
45791
120624
69208
42000
54083
53542
47708
49541
48000
37500
55041
54625
162374
69792
63500
56583
695079
88749
53416
59958
1023951
211165
525621
73582
45916
46208
124249
734704
343914
143499
87124
62999
99166
105625
102874
69666
63749
48083
54083
44125
106833
51791
64791
123916
116666
87083
88124
89000
80250
61874
66124
51874
71291
53708
69500
57624
51041
59542
52958
53833
41917
54499
72458
48833
42416
57916
68249
48375
37749
53791
59000
40625
43000
40000
38375
47708
60958
40958
41833
61000
42416
408872
80791
68583
47833
60208
55749
56833
45124
68000
48125
55500
52124
44791
46291
43958
44916
53458
66624
45416
59041
40500
90166
76583
60749
76125
48833
43041
46041
65791
63916
48042
52083
68958
48375
74458
62458
46917
47500
94874
46958
69624
56750
66500
48708
58917
52541
61249
51916
90125
75958
58000
45000
67625
65166
54333
62541
50083
58583
41792
47875
58458
44208
41083
47042
43167
45500
50458
58791
45666
88499
52332
49541
62999
57875
79124
41041
44833
52667
52333
53167
64375
114958
129124
102958
113957
112666
98041
100458
69791
47125
43124
61375
57000
63250
46291
60291
71250
85958
55208
55458
62708
48458
64083
58750
63249
63583
54833
63292
52250
54250
45416
51125
52916
54166
44125
57249
48375
49166
48041
