Done in 80.34s.
% time     seconds  usecs/call     calls    errors syscall
------ ----------- ----------- --------- --------- ------------------
 57.18  294.621029         448    656575     95796 futex
 15.87   81.787280         198    412429        15 epoll_pwait
  7.04   36.258385         169    213694       637 openat
  4.03   20.760262          81    253627    142579 statx
  2.61   13.450588         204     65870           sendfile
  2.06   10.606759         160     65933           ftruncate
  1.98   10.224957          47    213462         8 close
  1.69    8.710380          36    236284           write
  1.51    7.779964         117     65934           utimensat
  1.38    7.094340         107     65933           fchmod
  1.30    6.682764          28    237957           read
  1.19    6.125241          41    148904      1728 newfstatat
  0.52    2.700503          40     67273     67194 ioctl
  0.50    2.583606          39     65870     65870 copy_file_range
  0.46    2.390639       20970       114        11 wait4
  0.38    1.938447         170     11376      2666 mkdirat
  0.15    0.783448          42     18350           getdents64
  0.07    0.384564          16     22636           umask
  0.02    0.128820          21      6040       404 faccessat
  0.01    0.049891          11      4179           munmap
  0.01    0.045004          10      4335           mmap
  0.01    0.042051          10      4039           mprotect
  0.01    0.025842          69       370       248 execve
  0.00    0.024026           2      8221           rt_sigaction
  0.00    0.011424          28       404           fchmodat
  0.00    0.009677          24       394           symlinkat
  0.00    0.007426          42       175           clone
  0.00    0.007080           2      3354        22 lseek
  0.00    0.006796           5      1289           rt_sigprocmask
  0.00    0.006416           8       773           getpid
  0.00    0.005880           2      1974           brk
  0.00    0.005654          11       493           madvise
  0.00    0.004621           4      1059       994 readlinkat
  0.00    0.002035          17       117         2 unlinkat
  0.00    0.002004           3       590       181 fcntl
  0.00    0.001683           5       315           prlimit64
  0.00    0.001536           3       465           getegid
  0.00    0.001525           6       240           set_robust_list
  0.00    0.001519           3       467           getgid
  0.00    0.001512           3       465           geteuid
  0.00    0.001501           3       470           getuid
  0.00    0.001337           6       205           rseq
  0.00    0.000730           4       148           getrandom
  0.00    0.000708           4       162           getppid
  0.00    0.000593           4       122           set_tid_address
  0.00    0.000560           3       155           getcwd
  0.00    0.000546           2       232           pread64
  0.00    0.000520           3       141        17 epoll_ctl
  0.00    0.000450           4       106           pipe2
  0.00    0.000413          20        20           sched_yield
  0.00    0.000397           2       180           capget
  0.00    0.000359           4        72           sysinfo
  0.00    0.000276           3        70           uname
  0.00    0.000268           3        85           dup3
  0.00    0.000267           5        52           getpgid
  0.00    0.000192           5        38           epoll_create1
  0.00    0.000178           4        36           eventfd2
  0.00    0.000141           5        25           chdir
  0.00    0.000125           1        71           getsockname
  0.00    0.000120          13         9           sigaltstack
  0.00    0.000116           1        69           getsockopt
  0.00    0.000096           3        31         6 rt_sigreturn
  0.00    0.000089           4        18           fchdir
  0.00    0.000052           3        15           recvmsg
  0.00    0.000049           3        13           sched_getaffinity
  0.00    0.000040           6         6           sendto
  0.00    0.000039           7         5           fstat
  0.00    0.000033           8         4           faccessat2
  0.00    0.000031           0        36           socketpair
  0.00    0.000030           3         8           gettid
  0.00    0.000030           7         4           close_range
  0.00    0.000027          27         1         1 recvfrom
  0.00    0.000024           0        28           shutdown
  0.00    0.000017           2         7           setsid
  0.00    0.000014           2         6           getrusage
  0.00    0.000011           1         8           mremap
  0.00    0.000010          10         1           ppoll
  0.00    0.000007           2         3           bind
  0.00    0.000004           1         3           socket
  0.00    0.000000           0         2           linkat
  0.00    0.000000           0         2           prctl
  0.00    0.000000           0         1           getpeername
------ ----------- ----------- --------- --------- ------------------
100.00  515.285978         179   2864649    378379 total
